# Time, Sensor_reading, x, y, z
225.86, 0.00171014729314, -9.46605593585e-06, -1.23763471946e-16, -0.137002591549
225.86, 0.00171014729314, -9.46605593585e-06, -1.23763471946e-16, -0.137002591549
226.86, 0.00171014729314, -9.46605593585e-06, -1.22611954552e-16, -0.137002591549
227.86, 0.00171014729314, -9.46605593585e-06, -1.22985865184e-16, -0.137002591549
228.86, 0.00171014729314, -9.46605593585e-06, -1.23633717653e-16, -0.137002591549
229.86, 0.00171014729314, -9.46605593585e-06, -1.23558626121e-16, -0.137002591549
230.86, 0.00171014729314, -9.46605593585e-06, -1.23626428998e-16, -0.137002591549
231.86, 0.00171014729314, -9.46605593585e-06, -1.22896276772e-16, -0.137002591549
232.86, 0.00171014729314, -9.46605593585e-06, -1.23464517006e-16, -0.137002591549
233.86, 0.00171014729314, -9.46605593585e-06, -1.25219112112e-16, -0.137002591549
234.86, 0.00171621332423, 0.103367400177, -4.32883014087e-05, -0.143900871421
235.86, 0.00175862732327, 0.838255468272, -0.00047598562806, -0.183421996716
236.86, 0.00182109721636, 1.96763484219, -0.0010308441225, -0.254845205539
237.86, 0.00188704859136, 3.25991050162, -0.00166851803858, -0.347438563806
238.86, 0.00194797135942, 4.61935547935, -0.00239088961006, -0.454078855315
239.86, 0.00199892015481, 6.00685884502, -0.00317385214634, -0.569568490786
240.86, 0.0020366629323, 7.40627936846, -0.00399360771369, -0.68993191743
241.86, 0.00205904510288, 8.81084159902, -0.00483341105755, -0.812311594949
242.86, 0.00206482864005, 10.2176336536, -0.00568290302251, -0.934841760628
243.86, 0.00205369498281, 11.6245168189, -0.00651310367876, -1.0393906235
244.86, 0.00202634214074, 13.0290073643, -0.00720902953581, -1.08911168282
245.86, 0.00198418598849, 14.4310795149, -0.00777157187734, -1.09239679385
246.86, 0.00192911103067, 15.8314521605, -0.00825185995759, -1.06705715067
247.86, 0.00186334604591, 17.2308761553, -0.00869337933581, -1.02853135299
248.86, 0.00178950236213, 18.6268602133, -0.0088998347909, -0.986404835792
249.86, 0.00172565439683, 19.7588793707, -0.00573762739348, -0.954238592182
250.86, 0.00169652150754, 20.2638091296, -0.00209764201072, -0.94243165895
251.86, 0.00172547693759, 20.3526327234, 0.265939103507, -0.940835913413
252.86, 0.00181384306417, 20.2647436759, 0.882577801689, -0.928379319077
253.86, 0.00190943359347, 20.1394383516, 1.48410419272, -0.927025272882
254.86, 0.00197490109606, 20.0639114157, 1.87371375008, -0.931007846177
255.86, 0.00200719239383, 20.0428957371, 2.06649839078, -0.935941463659
256.86, 0.00202120420061, 20.0339411408, 2.14878003111, -0.939556379818
257.86, 0.00203238896044, 19.9754229902, 2.18789025709, -0.944823569399
258.86, 0.0020543489991, 19.5512106017, 2.11175549147, -0.934309503283
259.86, 0.00205600299773, 18.9502324299, 1.84395602788, -0.911430034831
260.86, 0.00203037935458, 18.3361981345, 1.4327046077, -0.886161074287
261.86, 0.00199023946726, 17.7329023614, 0.961105269394, -0.861328912433
262.86, 0.00197539173419, 17.0633907538, 0.638543337343, -0.840671480014
263.86, 0.00199679338453, 16.3816309249, 0.551308524562, -0.822906915655
264.86, 0.0020598522804, 15.7869793845, 0.741014100167, -0.804823705746
265.86, 0.00216643582556, 15.2792391232, 1.17522888796, -0.785098991666
266.86, 0.00229500443595, 14.710484228, 1.66560613666, -0.770283146673
267.86, 0.00242640081599, 14.0558426444, 2.10952665372, -0.771366328263
268.86, 0.00254625093651, 13.3309814814, 2.46559671809, -0.785711186752
269.86, 0.00264338592974, 12.5574058377, 2.71980809399, -0.808786899669
270.86, 0.00270969322679, 11.7545670189, 2.87044031963, -0.835965980142
271.86, 0.00274055127891, 10.9384588366, 2.92145774558, -0.863583605467
272.86, 0.00273506916392, 10.1217273818, 2.87947714981, -0.889296075879
273.86, 0.00269575385001, 9.3141021392, 2.75225896214, -0.911913897135
274.86, 0.00262763123065, 8.52286528139, 2.54789924126, -0.931037512138
275.86, 0.00254130201682, 7.73896325135, 2.29253168226, -0.950169141444
276.86, 0.00247362810304, 6.80689877288, 2.14885963654, -0.97137486477
277.86, 0.00241789726079, 5.63971286384, 2.13621007072, -0.984243265633
278.86, 0.00234825029905, 4.33577220342, 2.15647855136, -0.987261441698
279.86, 0.00226143731365, 2.97513238309, 2.17962168518, -0.977942603441
280.86, 0.00216159864944, 1.5919755936, 2.20293268688, -0.957318648202
281.86, 0.00206462004918, 0.378468334997, 2.20675304757, -0.935788866396
282.86, 0.00201442427896, -0.209440770383, 2.19640695409, -0.930912087928
283.86, 0.00200870415689, -0.256214282114, 2.18487538444, -0.934462968394
284.86, 0.00206212189457, -0.106173668488, 2.43475110242, -0.939379931582
285.86, 0.00217479703464, -0.00140540204406, 3.03212333128, -0.932411797716
286.86, 0.00228871004748, 0.0337917146846, 3.62615891704, -0.936760010433
287.86, 0.00236428925474, -0.0170950855619, 4.038527064, -0.941795875061
288.86, 0.00240211971324, -0.0679383992452, 4.2536622665, -0.944330669401
289.86, 0.00241874079232, -0.0721401734687, 4.33683872796, -0.945295481264
290.86, 0.00242788475109, -0.0327433182561, 4.35850214554, -0.947273746129
291.86, 0.00244661452199, 0.305773675198, 4.25888271917, -0.947173178562
292.86, 0.00244247244889, 0.856246396629, 3.94983215829, -0.933588249155
293.86, 0.00240869227423, 1.43672598296, 3.51145537268, -0.915781417911
294.86, 0.00239619394942, 2.08983764109, 3.16525264724, -0.899439050594
295.86, 0.00242539620142, 2.77425916808, 3.02424513303, -0.885249607589
296.86, 0.00250367783961, 3.41296130326, 3.13184507782, -0.873267497719
297.86, 0.00264133723324, 3.9348466575, 3.51245906741, -0.855588945864
298.86, 0.00281935196195, 4.49260232768, 3.99080915961, -0.829548887811
299.86, 0.00301137022313, 5.1346684179, 4.43957141091, -0.813877153141
300.86, 0.00319626032274, 5.84975574639, 4.80674149187, -0.818438276941
301.86, 0.0033561030804, 6.6166124896, 5.0739693912, -0.836283684312
302.86, 0.00347618615977, 7.41531315746, 5.23779268477, -0.860752276533
303.86, 0.00354623146342, 8.22934894694, 5.30144925773, -0.887361415407
304.86, 0.00356163198536, 9.04562079856, 5.27122936869, -0.913060658099
305.86, 0.00352375918439, 9.85401085532, 5.15475007723, -0.936124754984
306.86, 0.00343902107557, 10.6468990908, 4.96004718329, -0.955822169209
307.86, 0.00331749567011, 11.4197056535, 4.69636248352, -0.972449496452
308.86, 0.00319943370026, 12.2564082805, 4.46535284993, -0.990862651426
309.86, 0.0031133142314, 13.3302362456, 4.39004205344, -1.00467704574
310.86, 0.0030164889104, 14.5912945442, 4.38094292032, -1.0094312411
311.86, 0.00289233328984, 15.9345812346, 4.3783555318, -1.00357378202
312.86, 0.00274679876009, 17.3111664544, 4.37595904214, -0.98633188716
313.86, 0.00258820219793, 18.6980712444, 4.37301625674, -0.960280177464
314.86, 0.00245319080967, 19.8262300089, 4.36271514714, -0.938653183957
315.86, 0.00239175080002, 20.3304722581, 4.35401526128, -0.934239127817
316.86, 0.00243090273271, 20.4188229887, 4.5984468102, -0.937661781283
317.86, 0.00257373602315, 20.3155731045, 5.20345980695, -0.926349773492
318.86, 0.00273407820822, 20.16699996, 5.80183621413, -0.925255138968
319.86, 0.00284744444336, 20.0678149241, 6.19410745668, -0.929531725074
320.86, 0.00290356850273, 20.0367967178, 6.39031572388, -0.934734961216
321.86, 0.00292796147309, 20.0284748236, 6.47709859219, -0.938573744145
322.86, 0.00294320528978, 20.0146488963, 6.52521167208, -0.942001214415
323.86, 0.00296096879931, 19.9561649384, 6.5533398272, -0.947370080587
324.86, 0.00299670354971, 19.551613611, 6.42878358507, -0.93750773663
325.86, 0.00299598865081, 18.987588466, 6.09416183087, -0.915139764733
326.86, 0.00294887048625, 18.4189770263, 5.62252450224, -0.890388945484
327.86, 0.00291757584697, 17.7955682709, 5.20827399637, -0.868264499085
328.86, 0.00295439541376, 17.1197419361, 5.0363465056, -0.850125639671
329.86, 0.00306881320561, 16.5083542737, 5.16337517967, -0.831898265751
330.86, 0.00326756339421, 15.9984229025, 5.56772095628, -0.8061780191
331.86, 0.00352143667042, 15.4359518463, 6.05080019588, -0.779865398089
332.86, 0.00379766615104, 14.7877249596, 6.49691273501, -0.772859256797
333.86, 0.00406759398355, 14.0676834279, 6.85891855455, -0.782781956376
334.86, 0.00430451389879, 13.2972435155, 7.12035195333, -0.803713846961
335.86, 0.00448462970954, 12.4961166907, 7.27843386663, -0.830464188835
336.86, 0.00459013534398, 11.6805836787, 7.3366379022, -0.858754449647
337.86, 0.00461237040554, 10.8635448823, 7.30137804378, -0.885709278849
338.86, 0.00455304685927, 10.0549426394, 7.18035137753, -0.909773695547
339.86, 0.00442280353966, 9.26223536838, 6.98161855991, -0.930331265001
340.86, 0.00424064772802, 8.48660834949, 6.71863615816, -0.949037016755
341.86, 0.00408036311621, 7.60591649685, 6.52925886352, -0.972422341139
342.86, 0.00395360743617, 6.48058438774, 6.49041698091, -0.98963693572
343.86, 0.00379656420902, 5.1946688306, 6.49823127094, -0.997914673605
344.86, 0.00359878332518, 3.8411522761, 6.50999524965, -0.99397555307
345.86, 0.00337367158881, 2.46040638478, 6.52204852984, -0.977376408643
346.86, 0.00313728111895, 1.08352355835, 6.53256753778, -0.951862407001
347.86, 0.00296070965889, 0.0743468106546, 6.53280899338, -0.93464033057
348.86, 0.0028942749576, -0.303001967547, 6.52895029379, -0.933318227409
349.86, 0.00294853141146, -0.311621075317, 6.74160604007, -0.938565077133
350.86, 0.00313238179072, -0.204380163093, 7.33331093182, -0.931128797226
351.86, 0.00333843602752, -0.092504704597, 7.94018019503, -0.934614219443
352.86, 0.00348319385336, -0.044696388221, 8.35473106021, -0.940455553005
353.86, 0.00355447486924, -0.0451577264043, 8.5676829371, -0.943656944248
354.86, 0.00358612896707, -0.0444966688596, 8.65993701777, -0.945048219798
355.86, 0.00360642967434, -0.0263788092396, 8.70521331372, -0.945959591766
356.86, 0.00365852142233, 0.20394797795, 8.6819965445, -0.948863658693
357.86, 0.00371513435282, 0.737537217938, 8.45850176167, -0.93772468827
358.86, 0.00371142661629, 1.32740200031, 8.06379216347, -0.920462191254
359.86, 0.00366377728275, 1.91632221013, 7.59212583165, -0.901661771054
360.86, 0.00367405996108, 2.57921068778, 7.26578071604, -0.885400991187
361.86, 0.00377472639355, 3.25825510191, 7.1860772125, -0.871817985029
362.86, 0.00398095431222, 3.83888917446, 7.39804857225, -0.859364714336
363.86, 0.0043023624821, 4.35297689385, 7.83966694682, -0.837098935864
364.86, 0.00469987481946, 4.93520870649, 8.32210618355, -0.813628492425
365.86, 0.00513050555494, 5.60162353408, 8.7512162622, -0.808742508653
366.86, 0.00555135417726, 6.33477627384, 9.08991078509, -0.821228696099
367.86, 0.00591783874521, 7.11327465992, 9.32629174614, -0.843329230547
368.86, 0.00618776571104, 7.91821223206, 9.45972788777, -0.869782336516
369.86, 0.00632930469481, 8.7341852738, 9.49470944691, -0.896757547268
370.86, 0.0063286621031, 9.54907359333, 9.43808000507, -0.921824043267
371.86, 0.00619280703624, 10.3535839344, 9.297658613, -0.943755369381
372.86, 0.0059456883978, 11.1408155583, 9.08155541209, -0.962150699843
373.86, 0.00563514818912, 11.9223465319, 8.81812631107, -0.979693673663
374.86, 0.0053821608783, 12.8613126695, 8.67289001487, -0.997000984679
375.86, 0.00514531524774, 14.0383055026, 8.65670198311, -1.00615929596
376.86, 0.00484687558281, 15.3466261006, 8.6683821843, -1.00592779132
377.86, 0.0044968787075, 16.709036573, 8.68214498145, -0.994248646923
378.86, 0.0041238222183, 18.0932709694, 8.69617810804, -0.972288389158
379.86, 0.00376949792613, 19.410041318, 8.7058082893, -0.946069761302
380.86, 0.00356463593415, 20.1878977021, 8.70578931556, -0.934729449759
381.86, 0.00351749969518, 20.3659784794, 8.70206008881, -0.935730834236
382.86, 0.00361213454872, 20.2544625852, 8.89706434032, -0.939257832866
383.86, 0.00385656686096, 20.11779058, 9.47311237251, -0.926644825908
384.86, 0.00412309408431, 20.0244537964, 10.081911193, -0.923913139736
385.86, 0.00430803008993, 20.0194072906, 10.522590415, -0.927874106396
386.86, 0.00439806851321, 20.0519735859, 10.7605192194, -0.933390864622
387.86, 0.00443958373405, 20.0616814926, 10.864245504, -0.937708542465
388.86, 0.00446786057627, 20.0417801708, 10.9103640431, -0.941719724294
389.86, 0.00450064825475, 19.9757962646, 10.9243077728, -0.947608886774
390.86, 0.00458132072977, 19.5885545835, 10.7601809087, -0.938724818774
391.86, 0.00460507659962, 19.0570264163, 10.3761022559, -0.916767548396
392.86, 0.0046055063497, 18.4712443909, 9.94354119292, -0.894120303083
393.86, 0.00471210704357, 17.8032642181, 9.69907346971, -0.875253602786
394.86, 0.00495439237393, 17.1478982385, 9.72285279429, -0.857501117832
395.86, 0.00535899753015, 16.6157007703, 10.0498063509, -0.834352636074
396.86, 0.00592550035216, 16.069266453, 10.5157871161, -0.802569229418
397.86, 0.0066100124842, 15.4400849421, 10.9707789604, -0.782275954124
398.86, 0.00736096337694, 14.73475166, 11.351667769, -0.783365503261
399.86, 0.0081127759592, 13.974045039, 11.6352086698, -0.79890874109
400.86, 0.00878322493418, 13.1783825575, 11.8157025185, -0.822893667236
401.86, 0.00928338837363, 12.364907538, 11.8953410668, -0.850434941876
402.86, 0.0095397939222, 11.5472980126, 11.8799686455, -0.877928173221
403.86, 0.00951834854318, 10.7361454954, 11.7770375988, -0.903193965451
404.86, 0.00923510916279, 9.93944824679, 11.5945608706, -0.925211275662
405.86, 0.00874712904645, 9.16290400388, 11.3407633414, -0.943706910377
406.86, 0.00819171521984, 8.36636914647, 11.0727580082, -0.965519707914
407.86, 0.00775216468845, 7.35893224174, 10.9536960244, -0.987465855793
408.86, 0.00727220007594, 6.13285370205, 10.9295372504, -1.00143421908
409.86, 0.00667467657011, 4.80358190895, 10.9177076226, -1.00530396753
410.86, 0.00601658516067, 3.43253859516, 10.9060525318, -0.995759925837
411.86, 0.00535834657636, 2.04475739669, 10.8942267343, -0.974535226612
412.86, 0.00476233528953, 0.706963352643, 10.8816482346, -0.947661306489
413.86, 0.00441795159867, -0.124792708538, 10.8719470914, -0.934776688837
414.86, 0.00433009196843, -0.344924633418, 10.8680495144, -0.935271602757
415.86, 0.00441705164082, -0.246166335328, 10.9814743547, -0.940595818326
416.86, 0.00471467004943, -0.106601668321, 11.5140032518, -0.933704224434
417.86, 0.0050644610959, -0.0118619622289, 12.1403580153, -0.933254937222
418.86, 0.00532334640565, -0.000906985754298, 12.6282342025, -0.939776110909
419.86, 0.00544819528071, -0.0410021942048, 12.9048297239, -0.943687586449
420.86, 0.00550554218624, -0.062293386591, 13.0343739474, -0.945642206199
421.86, 0.00554989075752, -0.0511380619741, 13.1030605614, -0.946904985957
422.96, 0.00563015789855, 0.0896980142017, 13.119182365, -0.95085587143
423.86, 0.00581562096498, 0.510656297343, 12.9501450729, -0.943738038538
424.86, 0.00593194660169, 1.07254507411, 12.572696111, -0.92777955262
425.86, 0.00595921964571, 1.64538135548, 12.1005381024, -0.909403844985
426.86, 0.00610040078992, 2.300712567, 11.7709606473, -0.893309536834
427.86, 0.00643216231426, 2.97557499508, 11.6989446157, -0.879896638433
428.86, 0.00698953260788, 3.54276743851, 11.9323595225, -0.866411526554
429.86, 0.00782315618072, 4.06476424869, 12.3784939125, -0.841115965441
430.86, 0.00891045859812, 4.66020660992, 12.8523023558, -0.815870795261
431.86, 0.010200810437, 5.33785406048, 13.2673136101, -0.810236221435
432.86, 0.0116099808199, 6.07904451122, 13.5900390073, -0.82265648309
433.86, 0.012997265123, 6.86257489422, 13.8102648094, -0.844873452821
434.86, 0.0141643779039, 7.67002611378, 13.9281760897, -0.871462830925
435.86, 0.0148975833013, 8.48649979165, 13.9486642929, -0.898551905031
436.86, 0.0150488978125, 9.30032777987, 13.8787508985, -0.923704433831
437.86, 0.0146054710653, 10.1025998654, 13.7263056322, -0.945698967256
438.91, 0.013689908952, 10.9254196409, 13.4863326602, -0.964970807304
439.86, 0.0125400199615, 11.665186335, 13.226658893, -0.981835841328
440.86, 0.0115666044181, 12.6060706565, 13.0745200467, -0.9998292461
441.86, 0.0105864332064, 13.7865820426, 13.0488984614, -1.00995185319
442.86, 0.00942509921686, 15.0965815536, 13.0487757261, -1.0109230296
443.86, 0.0082082785021, 16.4597445146, 13.0501438153, -1.0002303981
444.86, 0.00706173349074, 17.8443373058, 13.0515804533, -0.978803945131
445.86, 0.00607026571936, 19.2014433616, 13.0518998857, -0.951228210543
446.86, 0.00548807833238, 20.1038900672, 13.0489970048, -0.936019300035
447.86, 0.00532066153994, 20.3813471031, 13.0462288223, -0.935441856039
448.86, 0.00540518225848, 20.314284104, 13.1332271908, -0.940662898206
449.86, 0.00577419279421, 20.165863535, 13.6432747123, -0.931143519357
450.86, 0.00622100333529, 20.0493449477, 14.2701422024, -0.924242733381
451.86, 0.00655675148009, 20.0113273885, 14.7693332631, -0.926977807694
452.86, 0.0067125581401, 20.0375140994, 15.0560655702, -0.932276772309
453.86, 0.00678072892935, 20.0576745094, 15.1944143118, -0.937096959699
454.86, 0.00683758909117, 20.049991644, 15.2735879505, -0.941446813811
455.86, 0.00695205719765, 19.9550908079, 15.3115273967, -0.946933523984
456.86, 0.0072851059427, 19.5088616901, 15.1557668025, -0.933782675411
457.86, 0.00758066314693, 18.9427141462, 14.793441258, -0.910806737599
458.86, 0.00773776628838, 18.374979671, 14.313450989, -0.886233001039
459.86, 0.00801453659893, 17.7334989597, 13.9409629988, -0.8651146162
460.86, 0.0085659628447, 17.0570044089, 13.8197500034, -0.847332009478
461.86, 0.00944687858477, 16.4681058831, 14.0006696457, -0.828562497845
462.86, 0.0107742278297, 15.953848103, 14.4285783251, -0.801650487378
463.86, 0.0126217182207, 15.3747178396, 14.9083505979, -0.777665601413
464.86, 0.0150137005119, 14.7111784564, 15.3397130455, -0.773711902137
465.86, 0.0179232762674, 13.9798661922, 15.6827122166, -0.785731421061
466.86, 0.0211833121917, 13.2021686156, 15.9241310247, -0.807898078823
467.86, 0.0243752291892, 12.3971719393, 16.06269152, -0.835106133531
468.86, 0.0268125073498, 11.5804737533, 16.1025902103, -0.863297547922
469.86, 0.0277836615968, 10.7643574717, 16.050546569, -0.889828711305
470.86, 0.0269945980272, 9.95824091088, 15.9143454272, -0.9133210945
471.86, 0.0247779597181, 9.16912341421, 15.7020923362, -0.93328265037
472.86, 0.0218710898598, 8.39395243203, 15.4318348749, -0.952285547941
473.86, 0.0193089565841, 7.49024288161, 15.255375922, -0.975449183667
474.86, 0.0168508924849, 6.34232714603, 15.2202214129, -0.991671258314
475.86, 0.0141898168375, 5.04623290251, 15.2225916828, -0.998905806325
476.86, 0.0116687624307, 3.6885699939, 15.2276516894, -0.993622885302
477.86, 0.00952464672693, 2.30613577583, 15.2328261121, -0.975885307093
478.86, 0.00781999444599, 0.938092269658, 15.2356331946, -0.950013176703
479.86, 0.00684120061658, -0.0166049727963, 15.2297353559, -0.934316786778
480.86, 0.00654074536033, -0.342252862773, 15.2234819504, -0.933795139967
481.86, 0.00664264538147, -0.313646585419, 15.3541388969, -0.939520928793
482.86, 0.00709453662622, -0.186795650501, 15.9026101932, -0.932438382918
483.86, 0.00760679237577, -0.0721950814845, 16.522056293, -0.933105868178
484.86, 0.00795019868041, -0.0290918211687, 16.9803734683, -0.939281204143
485.86, 0.00809007152838, -0.04200209542, 17.2289166257, -0.942914342516
486.86, 0.00814836931185, -0.051472315981, 17.3428776669, -0.944705247096
487.86, 0.00820345783565, -0.0385699419238, 17.4039152666, -0.945828459289
488.86, 0.00836108792074, 0.0663261158833, 17.4260220496, -0.949905050198
489.86, 0.00890434200852, 0.521547801999, 17.2607520373, -0.943135674261
490.86, 0.0094839126433, 1.09050659167, 16.895359596, -0.92728772968
491.86, 0.00993199822407, 1.66187236749, 16.4186062865, -0.90864650803
492.86, 0.0105823127171, 2.30846003199, 16.0564433406, -0.89206904318
493.91, 0.0116460272379, 3.0188733548, 15.9477070452, -0.877619181539
494.86, 0.0132072519766, 3.57447101824, 16.1339526596, -0.86567242657
495.91, 0.0156450235757, 4.11726692936, 16.5883200197, -0.841066635863
496.86, 0.0188686396094, 4.67141936304, 17.0431380418, -0.816317295937
497.86, 0.0236466522985, 5.33667042436, 17.4716370615, -0.80876561388
498.86, 0.030272012604, 6.06895858722, 17.8109298229, -0.819951820554
499.86, 0.0390894330486, 6.84689509083, 18.0483952969, -0.841535425618
500.86, 0.0497476472883, 7.6515242239, 18.1831070841, -0.86792758794
501.86, 0.0600510533569, 8.46739908602, 18.2194403676, -0.895116543331
502.86, 0.065639145035, 9.28236732491, 18.1641820275, -0.920531135727
503.86, 0.0632490334345, 10.0871118265, 18.0251208885, -0.942852212362
504.86, 0.054585882234, 10.8747121492, 17.8103507275, -0.961622518779
505.86, 0.0442542054583, 11.6523105847, 17.5428531686, -0.979158923586
506.86, 0.0357939934182, 12.5758564475, 17.3845255174, -0.997320369189
507.86, 0.0281562756948, 13.741431354, 17.3612834917, -1.00783561339
508.86, 0.0213245664166, 15.0449273276, 17.3693524187, -1.00907753765
509.86, 0.0160316863263, 16.4054193899, 17.3797109502, -0.998790804791
510.86, 0.0122074944761, 17.7889086328, 17.3903038629, -0.97774482853
511.86, 0.00954238355323, 19.1445196092, 17.3988125266, -0.950453306576
512.86, 0.0081955240813, 20.0424027647, 17.3995853183, -0.935551217338
513.86, 0.00783404493443, 20.3178302929, 17.3971584387, -0.935144856131
514.86, 0.00804130741847, 20.2682680539, 17.650658285, -0.938478383459
515.86, 0.00853711041081, 20.1531948276, 18.2526229741, -0.926156236703
516.86, 0.00900448354468, 20.057621941, 18.8544669093, -0.924841930201
517.86, 0.00923919144537, 20.0373257804, 19.264738174, -0.929195253231
518.86, 0.00930882562381, 20.0524123671, 19.4761803567, -0.934606221062
519.86, 0.009346211756, 20.052877855, 19.5646140397, -0.93864957081
520.86, 0.0094387128965, 20.0090728077, 19.59958552, -0.944137528594
521.86, 0.0101132720648, 19.6265869184, 19.5090601788, -0.936680838412
522.86, 0.0111477682581, 19.0521060776, 19.2150145784, -0.914646379159
523.86, 0.0121921995045, 18.4626432323, 18.7764653369, -0.88977731563
524.86, 0.0133949650031, 17.8357574612, 18.3615792287, -0.866897553321
525.86, 0.0151290419027, 17.1535492298, 18.1397318307, -0.848006697645
526.86, 0.0175906340931, 16.4863475554, 18.15982796, -0.830270740152
527.86, 0.0208940840339, 15.9449802834, 18.4670392728, -0.8106978988
528.86, 0.0258078245172, 15.4152324514, 18.9376270158, -0.787708194078
529.86, 0.0335059614476, 14.8050206541, 19.4103229307, -0.774646157117
530.86, 0.045960585405, 14.1146827391, 19.8140713182, -0.778922867502
531.86, 0.0671721095581, 13.3642449515, 20.1218953701, -0.795769769844
532.86, 0.105681991499, 12.5746391138, 20.3263061136, -0.820188205023
533.86, 0.178467211954, 11.7637557247, 20.4286228943, -0.847652118887
534.86, 0.297430362828, 10.9459906549, 20.4342535841, -0.874814661129
535.86, 0.36382183772, 10.132570701, 20.3504679855, -0.899664514298
536.86, 0.266971970031, 9.33202417099, 20.1852491809, -0.921264128467
537.86, 0.158222791404, 8.55054939547, 19.946802653, -0.939373418361
538.86, 0.0962503451375, 7.74927204222, 19.6930043043, -0.960406382689
539.86, 0.0608682926008, 6.74407999416, 19.5859731792, -0.980652223481
540.86, 0.0385760216021, 5.52198703199, 19.5771555964, -0.992004645319
541.86, 0.025288557758, 4.19452074918, 19.5834037799, -0.992988974137
542.86, 0.0174527715176, 2.82424568526, 19.5905008531, -0.981190707403
543.86, 0.0126439165143, 1.43759456242, 19.5973104702, -0.95859618296
544.86, 0.00991691748698, 0.251769814642, 19.5904747689, -0.936896290493
545.86, 0.00889181119266, -0.324752443345, 19.5796893583, -0.932102067055
546.86, 0.00870586228316, -0.480265021387, 19.7582834724, -0.937696257393
547.86, 0.00902450834149, -0.394666901905, 20.3399821921, -0.932165044431
548.86, 0.00945925704294, -0.228098001592, 20.9520110791, -0.93459080965
549.86, 0.00978409997604, -0.0898258463341, 21.3687439585, -0.940235139366
550.86, 0.00991388281562, -0.0344089032563, 21.5803677419, -0.943438845854
551.86, 0.00994964710637, -0.0199484796668, 21.6779738035, -0.94514769927
552.86, 0.00999505734404, 0.00110607563096, 21.7376926433, -0.947405881402
553.86, 0.0106940872467, 0.33439810531, 21.71198081, -0.947068757782
554.86, 0.0120721500209, 0.913228095727, 21.4886233569, -0.933997571914
555.86, 0.0137787683832, 1.52826465836, 21.1066330887, -0.916197020466
556.86, 0.0156315748923, 2.12136169431, 20.6254220715, -0.896682356554
557.86, 0.0180208691416, 2.76513946653, 20.2298492133, -0.879258666628
558.86, 0.0214183086379, 3.44747836923, 20.0673371972, -0.864714294042
559.86, 0.0260019610994, 4.07170047484, 20.1855573957, -0.852689371119
560.86, 0.0318374063553, 4.58001206225, 20.5835883758, -0.835371249122
561.86, 0.0406479262, 5.13107363895, 21.0726194813, -0.812856908566
562.86, 0.0550481083207, 5.76830646721, 21.5299193374, -0.805777142127
563.86, 0.0804202444524, 6.47979229999, 21.9049438969, -0.816201141635
564.86, 0.130660978367, 7.24418780292, 22.1797403471, -0.836944975295
565.86, 0.251395005972, 8.04146959067, 22.350876537, -0.862711793937
566.86, 0.666266598841, 8.85499846121, 22.4215125637, -0.889549432361
567.86, 3.65678149002, 9.67153018074, 22.3978963441, -0.914849553237
568.86, 3.14634427951, 10.4808156029, 22.2875790616, -0.937200221324
569.91, 0.610676966441, 11.3143145959, 22.0872007686, -0.956906715408
570.86, 0.235564288984, 12.0544632703, 21.8464806263, -0.972832004467
571.91, 0.113723383898, 12.9988336723, 21.6740785352, -0.990497756777
572.86, 0.0596130315544, 14.0813066267, 21.6567922178, -0.999451507692
573.86, 0.0345558615936, 15.3699989828, 21.6810000332, -0.999362892598
574.86, 0.0220750749515, 16.7242526376, 21.7097436483, -0.988288506559
575.86, 0.0152066605486, 18.1050306711, 21.7391552856, -0.966899929903
576.86, 0.0113208174163, 19.3952602195, 21.7579850433, -0.942049372923
577.86, 0.00976700150923, 20.1154591721, 21.7580172709, -0.932929995394
578.86, 0.00951102109986, 20.2505984397, 21.7506441538, -0.934921275217
579.86, 0.00982787021641, 20.0839611413, 21.7520208958, -0.939341181501
580.86, 0.0101943382997, 19.9033440114, 22.1164842823, -0.937764894192
581.86, 0.0102500158292, 19.8488631209, 22.7452331005, -0.926871373722
582.86, 0.0100188700012, 19.9029423022, 23.318360026, -0.927089131918
583.86, 0.0096857437677, 20.0175823779, 23.6993584206, -0.931096035415
584.86, 0.00949367876307, 20.0857443293, 23.8991948193, -0.936232458224
585.86, 0.00943244290248, 20.096008498, 24.0209465523, -0.941163468054
586.86, 0.00944285475735, 20.0713554615, 24.1130719421, -0.946109599186
587.86, 0.00972797738567, 19.9114601763, 24.1346464929, -0.949669871466
588.86, 0.0107699934968, 19.448096462, 23.8919286444, -0.93183848858
589.96, 0.0122095190649, 18.8842035961, 23.3831992746, -0.905653975436
590.86, 0.0140933131837, 18.3652767451, 22.9822479929, -0.886114807903
591.86, 0.0165958204143, 17.7154847152, 22.8426774404, -0.8683731696
592.86, 0.0190613101214, 17.1628544895, 23.0641795292, -0.847263056553
593.86, 0.0216058384853, 16.6332900853, 23.4994822809, -0.813448905402
594.86, 0.0248733868538, 16.0264084859, 23.9595014085, -0.784669500119
595.86, 0.0293046500722, 15.3391049981, 24.3599397686, -0.778823081121
596.86, 0.0354112791024, 14.5908247586, 24.6683466964, -0.790610763755
597.86, 0.0439366064298, 13.8025662141, 24.874990898, -0.81296495221
598.86, 0.0559853857165, 12.9923725844, 24.9802790317, -0.840477430741
599.91, 0.0730876296091, 12.1338949552, 24.9872670696, -0.870361697248
600.91, 0.0968523839103, 11.3206014766, 24.9026881524, -0.897032888271
601.86, 0.127116961801, 10.5597605001, 24.7471726755, -0.919493804613
602.86, 0.157129978302, 9.77723079413, 24.5121481675, -0.939639318681
603.86, 0.168524707395, 9.00734596091, 24.2241473221, -0.959322479707
604.86, 0.128218815525, 8.09326207743, 24.0404071031, -0.98397812571
605.86, 0.0746777016966, 6.93054920002, 23.9923215818, -1.00214439611
606.86, 0.043453047021, 5.62760077921, 23.9736579072, -1.01205756305
607.86, 0.0272539178716, 4.26714772875, 23.9560923251, -1.00894236476
608.86, 0.0183824369432, 2.88361215797, 23.9382261696, -0.992596866154
609.86, 0.0131430585859, 1.49134630444, 23.9202808769, -0.966474140684
610.86, 0.0102025920299, 0.285647058866, 23.9084737477, -0.941835379819
611.86, 0.00910116638903, -0.307320944579, 23.9054976768, -0.934883784089
612.86, 0.00877298071896, -0.504434406744, 23.9076560682, -0.936357780539
613.86, 0.00872824947252, -0.477846134543, 24.1867235027, -0.940911495031
614.86, 0.00873887984531, -0.32454467066, 24.7982841171, -0.932729752178
615.86, 0.00872088947117, -0.155734607468, 25.3947247753, -0.935961725956
616.86, 0.00866486258065, -0.0539018343958, 25.7847409075, -0.941404358035
617.86, 0.00859008156184, -0.0282424413612, 25.9805277818, -0.944482762879
618.86, 0.00854079921001, -0.0265772953019, 26.068153441, -0.945808370917
619.86, 0.00852189563409, -0.0191342549632, 26.1181170685, -0.946667992197
620.91, 0.0085224810796, -0.00191684191168, 26.1581455172, -0.947522991246
621.86, 0.00853551710966, 0.0196028044981, 26.1888561527, -0.948289065063
622.86, 0.00887451726668, 0.221956271477, 26.1315493551, -0.95156270015
623.86, 0.00988166968863, 0.69064696637, 25.8118280762, -0.941813575852
624.86, 0.0113360024159, 1.23581088924, 25.3760920534, -0.925766359608
625.86, 0.0132164380171, 1.88824724501, 25.139257885, -0.911236091525
626.86, 0.0149839067549, 2.49747137675, 25.2310794208, -0.897730477215
627.86, 0.0161779610089, 3.019275754, 25.61457546, -0.870308196046
628.86, 0.0173502479797, 3.59759459238, 26.07652624, -0.835067772988
629.86, 0.018783145544, 4.25951823424, 26.500187001, -0.814513883826
630.86, 0.0205945938866, 4.98950466241, 26.8392043917, -0.817053442807
631.86, 0.0228629904745, 5.76609025554, 27.0779442536, -0.83477109695
632.86, 0.025658626395, 6.5700389394, 27.2143069753, -0.859937490324
633.86, 0.0290416262422, 7.3856744998, 27.2522382662, -0.887622010278
634.86, 0.0330383347953, 8.2006795688, 27.1983655526, -0.914496293622
635.86, 0.0375933019896, 9.00561790155, 27.0604276871, -0.938688346324
636.86, 0.0424938306226, 9.79347243849, 26.8464962308, -0.959398473219
637.86, 0.0472689613456, 10.559842137, 26.5652569574, -0.976822876174
638.86, 0.0487309820061, 11.38662292, 26.3125508471, -0.997168717526
639.86, 0.0419537717988, 12.4584080738, 26.2180309779, -1.01426750431
640.86, 0.031879940969, 13.7199846072, 26.1867469642, -1.02347488085
641.86, 0.0232853639583, 15.063467262, 26.1600778004, -1.02198544587
642.86, 0.0170777520603, 16.4400422069, 26.132978141, -1.00800532818
643.86, 0.0127936898853, 17.8298788676, 26.1056383491, -0.983765924712
644.86, 0.0098948221566, 19.1868944189, 26.0818918673, -0.954304029056
645.86, 0.00845717671499, 20.0817254766, 26.0740334908, -0.938093665867
646.86, 0.0080765299807, 20.353608535, 26.0760694496, -0.936770722726
647.86, 0.0081168697337, 20.2850625556, 26.173040183, -0.941459487071
648.86, 0.00800809650524, 20.1430771406, 26.6890243114, -0.931756786291
649.86, 0.00775291948802, 20.0354948482, 27.3166595061, -0.924875333386
650.86, 0.00746730500803, 20.0060522321, 27.8129828717, -0.927395400575
651.86, 0.00725116671557, 20.0366435372, 28.0967265733, -0.932524647417
652.86, 0.00714227119569, 20.0581373582, 28.2322876603, -0.937159645064
653.86, 0.007101209093, 20.0507521846, 28.3087265924, -0.941360153693
654.86, 0.00709451006258, 20.0228957352, 28.3633843903, -0.945588586463
655.86, 0.0073806858233, 19.7785262084, 28.3139640643, -0.944800070139
656.86, 0.00818077642352, 19.2799943069, 28.0094790062, -0.92480685444
657.86, 0.00933006824012, 18.7380247441, 27.5513544459, -0.901310663283
658.86, 0.0107827363634, 18.1007543753, 27.2061942571, -0.881015439965
659.86, 0.0122625196058, 17.4320333172, 27.1279169823, -0.863408796322
660.86, 0.0131443778753, 16.8724059541, 27.3687446793, -0.842613060358
661.86, 0.013506820967, 16.3418808284, 27.8121631264, -0.810332145476
662.86, 0.0138262868259, 15.7349880933, 28.276078852, -0.783795707242
663.86, 0.0142589887637, 15.0477568311, 28.6785282935, -0.779520266518
664.86, 0.0148450964097, 14.2995247761, 28.9880691161, -0.79194315864
665.86, 0.0155916201784, 13.5112746696, 29.1953827196, -0.814435531252
666.86, 0.0164945464548, 12.7010612521, 29.3010494198, -0.841746727595
667.86, 0.0175430749449, 11.8834163702, 29.3101538946, -0.869836903698
668.86, 0.01871771135, 11.0696704142, 29.2298237795, -0.896132975203
669.86, 0.0199860642137, 10.2684295145, 29.0679772194, -0.919331668662
670.86, 0.0212970968843, 9.48596078382, 28.8327738639, -0.938995195371
671.86, 0.022451912692, 8.71289628173, 28.5483813724, -0.958761888893
672.86, 0.0219480705959, 7.78543765289, 28.3763236355, -0.982622664894
673.86, 0.0193847050754, 6.61375102457, 28.3340650798, -0.999416703651
674.86, 0.0161415579051, 5.30708453573, 28.3188905149, -1.00747534001
675.86, 0.0130870455897, 3.94514007073, 28.3047684315, -1.00251981987
676.86, 0.0105364998747, 2.561002219, 28.2904100688, -0.98481289782
677.86, 0.00852701472576, 1.17468627948, 28.275860337, -0.958143886984
678.86, 0.00728150812485, 0.09562751705, 28.2636833454, -0.937839896646
679.86, 0.00683263095202, -0.352944325602, 28.2584946846, -0.934462918701
680.86, 0.0066450180296, -0.403567373733, 28.5000591579, -0.939188239147
681.86, 0.00639674713034, -0.289731040871, 29.102547948, -0.931415015541
682.86, 0.00615684635789, -0.147912417878, 29.7095023672, -0.934721539428
683.86, 0.00598133328949, -0.0620063448064, 30.1203035794, -0.940816306139
684.86, 0.00587485852753, -0.0411126887675, 30.3300548298, -0.944256340257
685.86, 0.005824687887, -0.0362482432219, 30.4234084231, -0.945865564869
686.86, 0.00581609232662, -0.00734039207111, 30.4727351427, -0.948566960013
687.86, 0.00609821125257, 0.34960511778, 30.4172230612, -0.947592269775
688.86, 0.00671513268026, 0.926796950486, 30.1602707594, -0.934024603345
689.86, 0.00758572236231, 1.52912689886, 29.7500869817, -0.915962388863
690.86, 0.00869521581658, 2.12882929675, 29.2828462215, -0.89707386173
691.86, 0.00995289396614, 2.79894002906, 28.9716456281, -0.880910328247
692.86, 0.0110930070069, 3.47944533986, 28.900120361, -0.867378364761
693.86, 0.0116482808342, 4.06296439442, 29.1119767042, -0.855175662161
694.86, 0.0115589039279, 4.57579204225, 29.5540616888, -0.83412899034
695.86, 0.0113472307454, 5.15544559186, 30.0387992968, -0.812310790843
696.86, 0.0112019551031, 5.81958930625, 30.4709916719, -0.808695088854
697.86, 0.0111613287504, 6.55111633184, 30.8129711594, -0.821651921833
698.86, 0.011222121863, 7.32860183025, 31.05256558, -0.84380771823
699.86, 0.0113713524717, 8.13303007163, 31.1890060636, -0.870085199734
700.86, 0.0115944856823, 8.9488848041, 31.2267217994, -0.896761988626
701.86, 0.0118768829011, 9.76394529922, 31.1725290935, -0.921487513324
702.86, 0.0122034017442, 10.5688336316, 31.0342433606, -0.943082108939
703.86, 0.012557474763, 11.3565743744, 30.8199797385, -0.961160986575
704.86, 0.0128463632486, 12.1397168636, 30.5594502026, -0.978402598245
705.86, 0.0124407309661, 13.0825006117, 30.41898414, -0.99500211157
706.86, 0.0112613940431, 14.2606782344, 30.4050915394, -1.00318848375
707.86, 0.00981332925284, 15.5693519361, 30.4192952452, -1.00169432214
708.86, 0.00838840126464, 16.9318640915, 30.4357195769, -0.988911887914
709.86, 0.00711225886026, 18.3160889346, 30.4524447544, -0.966103399152
710.86, 0.00612554652342, 19.5765833011, 30.4579177306, -0.941523732428
711.86, 0.00567340558127, 20.2384802719, 30.4516322506, -0.933598634026
712.86, 0.00561580913031, 20.3331416733, 30.4433874328, -0.93579826777
713.86, 0.00562885022285, 20.1767798491, 30.6073077924, -0.940171683182
714.86, 0.00540783738964, 20.0415827497, 31.1694201335, -0.928215133859
715.86, 0.00512468790455, 19.973962901, 31.7799920747, -0.924811634887
716.86, 0.00488336315097, 20.0030041561, 32.232870414, -0.928044646752
717.86, 0.00473840650392, 20.057393755, 32.4826413491, -0.93311676214
718.86, 0.00468073093235, 20.0731258714, 32.5910359763, -0.937240418431
719.86, 0.00467055062007, 20.0491258743, 32.6357504026, -0.941687631281
720.86, 0.00483226996937, 19.7568062738, 32.5708698429, -0.940650251465
721.86, 0.00524147353295, 19.2166990176, 32.2874772194, -0.920528848622
722.86, 0.00582314446796, 18.6433521684, 31.8493769297, -0.89626662815
723.86, 0.00650765072172, 18.0111300325, 31.4589248918, -0.874222189688
724.86, 0.00715792006334, 17.3297416196, 31.2714340751, -0.855826426554
725.86, 0.00759067749986, 16.6769219812, 31.3345052975, -0.83791999807
726.86, 0.00759714833263, 16.1496198021, 31.6838370791, -0.816118004581
727.86, 0.00742604511126, 15.6039920405, 32.1593547542, -0.790322780927
728.86, 0.00726994018371, 14.9748287836, 32.6185757819, -0.777198426854
729.86, 0.00717820465065, 14.2694701121, 33.001584125, -0.782348567156
730.86, 0.00715640989882, 13.5087830328, 33.2864214283, -0.799994972277
731.86, 0.00719918568499, 12.7131527274, 33.4679000794, -0.824874478715
732.86, 0.00729946300768, 11.8996851426, 33.548411461, -0.852460203922
733.86, 0.00745071318894, 11.0820314981, 33.5338643165, -0.879495884901
734.86, 0.00764718562163, 10.2707716096, 33.4317340769, -0.904077046214
735.86, 0.0078835999544, 9.47390030308, 33.2500333736, -0.925351038041
736.86, 0.00815408085258, 8.69700806902, 32.997134482, -0.943213925523
737.86, 0.00833284176365, 7.88336803761, 32.7482899292, -0.96518971831
738.86, 0.00810206662752, 6.84780461929, 32.6531096026, -0.985182206006
739.86, 0.00754473994165, 5.60695898888, 32.6416094499, -0.996517362925
740.86, 0.00684786476675, 4.27171551467, 32.6403792099, -0.997118453809
741.86, 0.00611121209966, 2.89827857948, 32.6395008844, -0.984725144378
742.86, 0.00539778460019, 1.50985045345, 32.638471507, -0.961594661364
743.86, 0.00482948033693, 0.300322935416, 32.6289283086, -0.938654818534
744.86, 0.00457896560653, -0.278014644891, 32.6182793602, -0.932969178642
745.86, 0.00456482647844, -0.317683133116, 32.6116764467, -0.93585068348
746.86, 0.00452732257198, -0.156291474835, 32.8502220647, -0.940612394318
747.86, 0.00431845022704, -0.0333933428012, 33.4407636881, -0.932932299341
748.86, 0.00408994024595, 0.0238320331284, 34.0405315901, -0.936585805869
749.86, 0.00391165096641, -0.01093402281, 34.4669310573, -0.942025942255
750.86, 0.00381150778696, -0.0602729005696, 34.6945353782, -0.944832877429
751.86, 0.00377479219894, -0.0691101703418, 34.7877026643, -0.945908469595
752.86, 0.00377929398261, -0.017683525441, 34.8157366059, -0.949031952119
753.86, 0.00393818842416, 0.371820123837, 34.6972097179, -0.946370629236
754.86, 0.00425096147606, 0.934442354406, 34.3714153788, -0.931843718397
755.86, 0.00466707900475, 1.52092056179, 33.9316628906, -0.913891857067
756.86, 0.00511029263125, 2.18047036049, 33.5986204994, -0.897682445726
757.86, 0.0054797402007, 2.86549686784, 33.4706461865, -0.883618875145
758.86, 0.00566336305574, 3.50061059184, 33.5894350036, -0.871693791116
759.86, 0.00558049293693, 4.02206956455, 33.976587431, -0.853915723367
760.86, 0.00541991298816, 4.58293194163, 34.4551499944, -0.82847944998
761.86, 0.00528402222513, 5.22811697155, 34.9013290455, -0.813954397683
762.86, 0.00519678309553, 5.94557060343, 35.2648295089, -0.819349289211
763.86, 0.00515908773979, 6.71399343563, 35.5280630395, -0.837551693936
764.86, 0.0051663466787, 7.51356752593, 35.6879147682, -0.862095134307
765.86, 0.00521349692882, 8.32791219646, 35.7477834094, -0.888593314164
766.86, 0.00529619566312, 9.14404611037, 35.7140343071, -0.91407920948
767.86, 0.00541091334182, 9.95195222012, 35.5943146781, -0.93689207965
768.86, 0.0055547430683, 10.7440966416, 35.3966690925, -0.956343947417
769.86, 0.00572360751819, 11.5162616145, 35.1306967916, -0.972848769344
770.86, 0.00581208445929, 12.3581930188, 34.9032614347, -0.990990542833
771.86, 0.00566686543888, 13.4394109667, 34.8310105707, -1.00427207892
772.86, 0.00536120709901, 14.7041418274, 34.8217056842, -1.00841369073
773.86, 0.00497761967333, 16.0489180353, 34.8183394068, -1.00188910205
774.86, 0.00455841378342, 17.4260982064, 34.8151226825, -0.984122230055
775.86, 0.00413664206405, 18.8102725225, 34.8109051635, -0.957850874459
776.86, 0.0038207688126, 19.8956257941, 34.7984423008, -0.937595627341
777.86, 0.00369566099313, 20.3456860043, 34.7886688436, -0.934274215036
778.86, 0.0036799806777, 20.4111340905, 34.7806446436, -0.937018378996
779.86, 0.00364957972082, 20.3029315793, 34.9557046795, -0.941092688133
780.86, 0.00349401762715, 20.155155602, 35.530380713, -0.92864669577
781.86, 0.00332055057251, 20.0437187176, 36.1517828, -0.924932467275
782.86, 0.00318915716169, 20.0153514237, 36.6030859266, -0.928667886706
783.86, 0.00311374264521, 20.0386478881, 36.8451381952, -0.934111367606
784.86, 0.00308003321865, 20.0517343892, 36.9542858167, -0.938400629913
785.86, 0.00306632068851, 20.0397930013, 37.0107621349, -0.942327773496
786.86, 0.00306123283842, 20.0115237752, 37.047666795, -0.946227314306
787.86, 0.00306121530615, 19.9732946318, 37.0731075527, -0.950305363443
788.86, 0.00314360998454, 19.7016018354, 36.9660178279, -0.946603442899
789.86, 0.00335452194458, 19.2221970444, 36.5962501644, -0.924946162524
790.86, 0.0036283305896, 18.6760615146, 36.1536344859, -0.902883640613
791.86, 0.00383989390272, 18.0297153554, 35.997654348, -0.885082147917
792.86, 0.00388433963876, 17.4696662391, 36.1996283815, -0.863408982598
793.86, 0.00381472023789, 16.9400729882, 36.6269587797, -0.827126805882
794.86, 0.00373513898683, 16.3347878711, 37.0849341452, -0.792927750023
795.86, 0.00367976949601, 15.648768802, 37.4854769763, -0.781903119176
796.86, 0.0036558167119, 14.9012755807, 37.7946341286, -0.790907416775
797.86, 0.00366272046751, 14.1134109921, 38.0020475546, -0.81176615719
798.86, 0.00369820003461, 13.3033616758, 38.1078738833, -0.838707823021
799.86, 0.00376002317158, 12.4857674838, 38.1170451459, -0.86724610474
800.86, 0.00384644059256, 11.672036754, 38.0366381041, -0.894412119257
801.86, 0.00395621614351, 10.8708297307, 37.8745648907, -0.918629410229
802.86, 0.00408848030474, 10.0884520623, 37.6389945367, -0.939302038135
803.86, 0.00423829959137, 9.32287277584, 37.3454708457, -0.958736827522
804.86, 0.00431585055551, 8.43065516842, 37.1407048143, -0.984117071329
805.86, 0.00426005083685, 7.28475057924, 37.0786732995, -1.00385783147
806.86, 0.00412192158781, 5.98891061809, 37.0504552357, -1.01592152304
807.86, 0.00392892277766, 4.63138323545, 37.0233291091, -1.01509960162
808.86, 0.00369759243754, 3.24909647167, 36.995717686, -1.00051274407
809.86, 0.00344415260053, 1.85695348351, 36.9678779756, -0.975428199373
810.86, 0.00319867088157, 0.55498534411, 36.9472005031, -0.947598434396
811.86, 0.00305855635631, -0.181466515045, 36.9427344677, -0.936275889447
812.86, 0.00302976225929, -0.327342328456, 36.9466023762, -0.936926128139
813.86, 0.00304346590646, -0.171589942591, 37.0036038037, -0.941748046242
814.86, 0.00294611823553, -0.0072352030177, 37.4687125086, -0.937813779603
815.86, 0.00279539561975, 0.0685504448651, 38.0963701612, -0.934461773565
816.86, 0.00266417990114, 0.0456503401397, 38.6209917963, -0.940147067369
817.86, 0.00258000013104, -0.0311075120815, 38.9402065719, -0.943760140637
818.86, 0.00253942046566, -0.0742184183803, 39.0967188182, -0.945549873577
819.86, 0.0025211894936, -0.0713828362523, 39.1814607033, -0.946792522604
820.86, 0.00255568676686, 0.18055843952, 39.1714952353, -0.949238533698
821.86, 0.00267949371514, 0.719266438082, 38.9431082794, -0.937568333354
822.86, 0.00286351075864, 1.30676824747, 38.5421587079, -0.920164115908
823.86, 0.00308738874051, 1.89370159451, 38.0678719267, -0.901362227909
824.86, 0.00329742221968, 2.55629849029, 37.7431037563, -0.885148763876
825.86, 0.00343354221255, 3.23462579639, 37.6670880432, -0.871621066763
826.86, 0.00344038922517, 3.81160393061, 37.8854861084, -0.859032619732
827.86, 0.00334646289123, 4.32800231367, 38.32864519, -0.836401596568
828.86, 0.00324214408402, 4.91402623138, 38.8088045998, -0.813388189888
829.86, 0.00315899435071, 5.58358356595, 39.2341313608, -0.80915887633
830.86, 0.00310329984236, 6.31893829776, 39.5686008344, -0.822000408565
831.86, 0.00307398880566, 7.09878605264, 39.8008121662, -0.844204936518
832.86, 0.00306836588894, 7.90438513727, 39.9303659003, -0.870575458576
833.86, 0.00308379064707, 8.72049930387, 39.9618643044, -0.897350054826
834.86, 0.00311807728282, 9.5351557417, 39.9021876209, -0.922164909845
835.86, 0.00316951550506, 10.339183557, 39.759150735, -0.943839225886
836.86, 0.003236761142, 11.1257947585, 39.5408653848, -0.961987569966
837.86, 0.00331026652793, 11.9068567975, 39.2758197367, -0.979305433172
838.86, 0.00331650357537, 12.8462793305, 39.1295372238, -0.996394846937
839.86, 0.00323655656695, 14.0228002778, 39.1110313779, -1.00532788355
840.86, 0.00311004442972, 15.3308670694, 39.1207665852, -1.00475943813
841.86, 0.00295574428765, 16.6931797399, 39.1325874684, -0.99278969765
842.86, 0.00278408828841, 18.0773793207, 39.144651879, -0.970558051738
843.86, 0.00261675955345, 19.382801212, 39.1496940394, -0.944545674563
844.86, 0.00252130862972, 20.1335819718, 39.1442585949, -0.934068265012
845.86, 0.00250279739727, 20.2887550017, 39.1373939159, -0.935447759041
846.86, 0.00251507504493, 20.1347151078, 39.1722580689, -0.94039646516
847.86, 0.00243920222226, 19.9752983741, 39.6198513286, -0.933893105419
848.86, 0.00231882707448, 19.9113129708, 40.2486386791, -0.925345956669
849.86, 0.00221410043967, 19.9500889621, 40.7787397444, -0.926807207339
850.86, 0.00214719809502, 20.0366679428, 41.1045491181, -0.931337247989
851.86, 0.00211512352866, 20.0814386, 41.2651529881, -0.935958162283
852.86, 0.00210026144817, 20.0775336841, 41.3538356388, -0.940341098025
853.86, 0.00209283640867, 20.0455434593, 41.4140267616, -0.944728035682
854.86, 0.00211932992276, 19.8226604259, 41.3741985698, -0.94501025517
855.86, 0.00221718187961, 19.3338221501, 41.0760889468, -0.925272211928
856.86, 0.00235747845089, 18.7943806926, 40.6234070734, -0.90197274695
857.86, 0.0024926841308, 18.1544418857, 40.2938549278, -0.882000250602
858.86, 0.0025729596779, 17.489332119, 40.2359258048, -0.864409024894
859.86, 0.00256131374918, 16.9390449806, 40.4999871131, -0.842608198348
860.86, 0.00249964100165, 16.40211383, 40.9481938295, -0.809377090095
861.86, 0.00243812450079, 15.7863121321, 41.4067805216, -0.783692476423
862.86, 0.00239228577527, 15.0918287186, 41.7998837991, -0.780586476196
863.86, 0.00236502784761, 14.3385941634, 42.0988079849, -0.793795019045
864.86, 0.00235558282169, 13.5473646917, 42.2954671436, -0.816683086152
865.86, 0.00236238284664, 12.7358121347, 42.3909890135, -0.844072867877
866.86, 0.00238392016363, 11.9181092987, 42.3907237691, -0.872032189415
867.86, 0.00241896580507, 11.1052709981, 42.3019161097, -0.898085557937
868.86, 0.00246659689489, 10.3056428508, 42.1324915136, -0.921000818434
869.86, 0.00252611042317, 9.52525174249, 41.8906151873, -0.940375073348
870.86, 0.00259142002696, 8.75100206425, 41.6042660844, -0.96038754152
871.86, 0.0026135733239, 7.81149361536, 41.4378010672, -0.984071970316
872.86, 0.00258038743796, 6.63031944812, 41.3954622346, -1.0005641617
873.86, 0.00251652364973, 5.31965256943, 41.3769929559, -1.00819808221
874.86, 0.0024312671112, 3.9561187395, 41.3592265135, -1.00270095779
875.86, 0.00232955944928, 2.57136936112, 41.3411716843, -0.984553954179
876.86, 0.00221700342127, 1.18616538872, 41.322883309, -0.957632839627
877.86, 0.00212593419997, 0.120931042839, 41.3075517254, -0.937650480173
878.86, 0.0020881975243, -0.312774966032, 41.3008881275, -0.934494716011
879.86, 0.00205936256278, -0.362803535147, 41.4472557946, -0.93920462915
880.86, 0.00197774631915, -0.256780268869, 42.0104925353, -0.931684176439
881.86, 0.00189200652656, -0.128737429626, 42.6383991156, -0.932449908013
882.86, 0.00183074870469, -0.0514135592629, 43.0995259358, -0.939153809308
883.86, 0.00179711953721, -0.0395857828818, 43.3459483238, -0.943257545992
884.86, 0.00178151379709, -0.0413349180406, 43.4590072936, -0.945427467647
885.86, 0.0017737816242, -0.0295404494175, 43.5214484789, -0.946799461768
886.86, 0.00177526710175, 0.061641774311, 43.5527749148, -0.950539828973
887.86, 0.00182246115476, 0.51228668355, 43.4170191451, -0.944077945882
888.86, 0.00190919560005, 1.09384200844, 43.0821260776, -0.928512014139
889.86, 0.00202300257539, 1.67255070769, 42.614562199, -0.909680853708
890.86, 0.00214362650065, 2.28631836431, 42.1739081783, -0.891730862723
891.86, 0.00223193043376, 2.96210316215, 41.962351198, -0.87678868386
892.86, 0.00225907874785, 3.5965991582, 42.0408688571, -0.864531680358
893.86, 0.0022147655659, 4.11026493905, 42.4157398599, -0.846235397236
894.86, 0.00214934660078, 4.65918275675, 42.8973901729, -0.819919206019
895.86, 0.00209128405687, 5.29354779295, 43.353859126, -0.807319610355
896.86, 0.00204822004861, 6.00284687637, 43.7305569601, -0.8143846118
897.86, 0.00202088765052, 6.76584312117, 44.0078306183, -0.833623361414
898.86, 0.0020080956133, 7.56235979079, 44.1815756043, -0.859039220779
899.86, 0.00200834174251, 8.37559167356, 44.2546981604, -0.886273539999
900.86, 0.00202027985173, 9.19216385276, 44.233322985, -0.912365137455
901.86, 0.00204281948271, 10.0017196111, 44.1249942764, -0.935663900084
902.86, 0.00207512072796, 10.7964323119, 43.9377161223, -0.955505122133
903.86, 0.00211605787016, 11.5723741166, 43.6818760645, -0.972475688952
904.86, 0.00214068710763, 12.4288923089, 43.4765018089, -0.990868460145
905.86, 0.00212042377919, 13.5265694544, 43.4281855467, -1.00369052444
906.86, 0.00207201641056, 14.7991699767, 43.4380403509, -1.0073235125
907.86, 0.00200785225359, 16.1470694316, 43.4536279238, -1.00009251666
908.86, 0.00193205930456, 17.5254521926, 43.4697389236, -0.981673746101
909.86, 0.00184882180954, 18.904406936, 43.4847512277, -0.955164648019
910.86, 0.0017840724354, 19.9365532286, 43.488979702, -0.936601272486
911.86, 0.00175887340128, 20.3372502279, 43.486802854, -0.934330396638
912.86, 0.00174457852465, 20.3650047639, 43.5816442606, -0.939521207065
913.86, 0.00168436992831, 20.2470399945, 44.106267139, -0.929754565956
914.86, 0.00161500775836, 20.1170362197, 44.7339370642, -0.924134521486
915.86, 0.0015630408674, 20.044001211, 45.2140321004, -0.927262872984
916.86, 0.00153374616481, 20.039095037, 45.4778703322, -0.932577010492
917.86, 0.0015197772686, 20.045102917, 45.6026084173, -0.937245837137
918.86, 0.00151236202563, 20.0343986673, 45.6754038259, -0.941349300377
919.86, 0.00150857859804, 19.9954421818, 45.7268602269, -0.946362957512
920.86, 0.00153434958581, 19.6442741778, 45.6373890078, -0.938580809573
921.86, 0.00159601864666, 19.0985994736, 45.3188259118, -0.916684755145
922.86, 0.00168041474734, 18.5390927627, 44.8508959691, -0.892151768478
923.86, 0.00176635390107, 17.9202585746, 44.436367997, -0.870159704365
924.86, 0.00182390705872, 17.2460719557, 44.2653567886, -0.852083106223
925.86, 0.00183208967106, 16.6394016911, 44.3990070795, -0.833750530754
926.86, 0.00179317826625, 16.1266979398, 44.8056010036, -0.807194547504
927.86, 0.00174482334252, 15.5579703862, 45.2848581521, -0.780296585477
928.86, 0.00170371711149, 14.9041265096, 45.7244593098, -0.773116356879
929.86, 0.00167414914389, 14.1799538983, 46.0790223551, -0.783169944052
930.86, 0.00165635046951, 13.4068498439, 46.3329410811, -0.804259866433
931.86, 0.00164943030018, 12.6042947546, 46.4838533077, -0.831149443414
932.86, 0.00165232664904, 11.788315495, 46.5354724775, -0.85954636442
933.86, 0.00166409407206, 10.9715726639, 46.4943002891, -0.886572854005
934.86, 0.00168396626656, 10.163801163, 46.3680387906, -0.910678828849
935.86, 0.0017113512182, 9.37228624212, 46.1647437627, -0.931270895695
936.86, 0.00174510311151, 8.59868593038, 45.8969840278, -0.949844781635
937.86, 0.00176442115692, 7.72496426606, 45.6977132696, -0.973389430237
938.86, 0.00175179635207, 6.60581498619, 45.6499902752, -0.991222653237
939.86, 0.00172048643857, 5.3225441791, 45.6506316199, -1.00033859655
940.86, 0.00167805805896, 3.97005056777, 45.6551609593, -0.99729441569
941.86, 0.0016268057675, 2.58967901385, 45.6598463664, -0.981390567018
942.86, 0.0015690200161, 1.20451159388, 45.6638531547, -0.955993526607
943.86, 0.00152106466565, 0.122170087545, 45.6613327946, -0.936348118735
944.86, 0.00150059279288, -0.330382644511, 45.6576007534, -0.933454868644
945.86, 0.00149413886742, -0.407252835926, 45.6847445093, -0.938364169245
946.86, 0.0014534479838, -0.301901859975, 46.122311496, -0.936563083683
947.86, 0.00139669142081, -0.160498925213, 46.7535330852, -0.931992249017
948.86, 0.00135070573202, -0.057416039363, 47.2823698709, -0.937819167322
949.86, 0.00132358597298, -0.0336467820112, 47.5899560366, -0.942116853797
950.86, 0.00130975897441, -0.0385716736833, 47.7434114171, -0.94430935598
951.86, 0.0013011921636, -0.0327335559456, 47.8431288088, -0.945740770967
952.86, 0.00129470221774, -0.00958956319048, 47.9265056906, -0.947101263112
953.86, 0.00130519130819, 0.252861069913, 47.9067845215, -0.94517788354
954.86, 0.00134698098049, 0.772900049264, 47.6370259168, -0.932853343717
955.86, 0.00140888477102, 1.32542413346, 47.1897952265, -0.915121691881
956.86, 0.00147680295968, 1.91568947378, 46.7340205774, -0.897267442955
957.86, 0.00152531261052, 2.58362290878, 46.5068728974, -0.882339083396
958.86, 0.0015365946477, 3.20765026305, 46.5893632038, -0.869915655093
959.86, 0.00150855491572, 3.72301293235, 46.9692342467, -0.848942635355
960.86, 0.00147036673538, 4.28354405022, 47.4439066348, -0.820602329585
961.86, 0.0014369041287, 4.92893109989, 47.887984607, -0.80721035218
962.86, 0.00141228093454, 5.64644806989, 48.2504568269, -0.814205981503
963.86, 0.00139695773149, 6.41480110484, 48.5133919785, -0.833665763943
964.86, 0.00139032335742, 7.21425513477, 48.6735256734, -0.859314359727
965.86, 0.001391565837, 8.02851952657, 48.7341612923, -0.886755083838
966.86, 0.00139993656724, 8.84469159835, 48.701606216, -0.913009280491
967.86, 0.00141481848386, 9.65282066238, 48.5834511608, -0.936433874116
968.86, 0.00143572829877, 10.4454272123, 48.3876923111, -0.956366877143
969.86, 0.0014621137547, 11.2183155511, 48.1238646633, -0.973270039163
970.86, 0.00148135648013, 12.0616472336, 47.8999326015, -0.992223851575
971.86, 0.00147655222317, 13.14508956, 47.8333459075, -1.00646475333
972.86, 0.00145639271573, 14.411074555, 47.8296393738, -1.0117895756
973.86, 0.0014277039981, 15.7563790072, 47.831944559, -1.00634030997
974.86, 0.0013921497221, 17.1337898352, 47.8345209369, -0.989319457159
975.86, 0.00135100413486, 18.522899882, 47.8369699141, -0.963286634307
976.86, 0.00131336346566, 19.6943541968, 47.8344683466, -0.940062033739
977.86, 0.00129580267884, 20.2218398083, 47.8308371658, -0.934591034256
978.86, 0.00129575852426, 20.2305227665, 47.8279145319, -0.937005211326
979.86, 0.00127943919521, 20.0675669925, 48.0812746977, -0.939641822085
980.86, 0.00123270916772, 19.9687168254, 48.6803439749, -0.927307940725
981.86, 0.00118605268684, 19.9457829311, 49.2801897475, -0.925741543809
982.86, 0.00115254234815, 20.0095692428, 49.7028991433, -0.929430378959
983.86, 0.00113378191357, 20.0701236269, 49.9390795386, -0.934552645608
984.86, 0.0011220636625, 20.0776148527, 50.1007666661, -0.939824473605
985.86, 0.00112894745904, 19.751066403, 50.1192585488, -0.930592844388
986.86, 0.0011592979445, 19.1851576927, 49.8965150806, -0.908634797443
987.86, 0.00120467697775, 18.5843972681, 49.5025938317, -0.883820474432
988.86, 0.00126008173087, 18.0039295172, 49.0095620043, -0.858618121343
989.86, 0.00131108295692, 17.3628119008, 48.6174878978, -0.836960725741
990.86, 0.00134160603079, 16.6833319485, 48.470277984, -0.819004856326
991.86, 0.00134183970832, 16.0742797855, 48.6140768436, -0.801164362204
992.86, 0.00131332923889, 15.564632258, 49.0261157771, -0.781762868807
993.86, 0.00127883386454, 15.0011924253, 49.5117412438, -0.766398441012
994.86, 0.00124894940111, 14.3521661917, 49.9584919719, -0.766922779085
995.86, 0.00122654738331, 13.6317145635, 50.3206526455, -0.781012943166
996.86, 0.0012118621552, 12.8611705243, 50.5823672228, -0.804179979351
997.86, 0.00120435109707, 12.0600918271, 50.7410919406, -0.831743233382
998.86, 0.00120332405507, 11.2446157175, 50.8003932405, -0.859931110772
999.86, 0.00120814195829, 10.4275222637, 50.7666750955, -0.886294745911
1000.86, 0.00121826858633, 9.61866040498, 50.647573345, -0.90956934864
1001.86, 0.00123327377626, 8.82542043505, 50.4511042445, -0.929314198611
1002.86, 0.00125219069788, 8.04796416424, 50.1919705163, -0.947457356386
1003.86, 0.00126161787811, 7.16198418535, 50.0103153317, -0.969502109226
1004.86, 0.00125262901675, 6.03684311093, 49.9752412782, -0.985048169537
1005.86, 0.00123318796631, 4.75174794969, 49.9886076482, -0.99101411712
1006.86, 0.00120780649862, 3.39866977937, 50.0065957458, -0.984937825603
1007.86, 0.0011777003041, 2.01817680425, 50.0250219565, -0.966821588018
1008.86, 0.00114607180812, 0.691559456243, 50.0338241379, -0.942429545515
1009.86, 0.001126480387, -0.1169836797, 50.024323649, -0.931715243938
1010.86, 0.00112229724137, -0.309731336511, 50.0131142819, -0.933571850218
1011.86, 0.00112642099632, -0.172330824159, 50.0051301207, -0.937427854734
1012.86, 0.00113126372883, 0.00403106884161, 50.0007896133, -0.940343477928
