# Time, Sensor_reading, x, y, z
26.56, 0.00171015136834, -4.99815903926e-06, -9.77389499261e-16, -0.137758463751
26.56, 0.00171015136834, -4.99815903926e-06, -9.77389499261e-16, -0.137758463751
27.56, 0.00171015136835, -4.99804794577e-06, -5.5849403143e-16, -0.137758463751
28.56, 0.00171015136835, -4.99799123754e-06, -1.40596711192e-17, -0.137758463751
29.56, 0.00171015136835, -4.99798580063e-06, 2.55714936353e-16, -0.137758463751
30.56, 0.00171015136835, -4.99800157943e-06, 2.58320041978e-16, -0.137758463751
31.56, 0.00171015136835, -4.99801595883e-06, 8.92157112911e-16, -0.137758463751
32.56, 0.00171015136835, -4.99802172091e-06, 7.07900802324e-16, -0.137758463751
33.56, 0.00171015136835, -4.99802117857e-06, 3.54143863536e-16, -0.137758463751
34.56, 0.00171015136835, -4.99801871127e-06, 1.69268536382e-16, -0.137758463751
35.56, 0.00171015136835, -4.99801695602e-06, 7.66557820056e-17, -0.137758463751
36.56, 0.00171015136835, -4.99801644399e-06, 2.67910854187e-17, -0.137758463751
37.56, 0.00171015136835, -4.99801666111e-06, 3.35027811069e-17, -0.137758463751
38.56, 0.00171015136835, -4.99801704082e-06, 4.26934761169e-17, -0.137758463751
39.56, 0.00171530892794, 0.107535143881, -4.59186977993e-05, -0.144007524177
40.56, 0.00175920248202, 0.848353829474, -0.000482844188757, -0.184202793337
41.56, 0.00182177489622, 1.98024053203, -0.00104060511034, -0.256422188528
42.66, 0.00188771078093, 3.40746629942, -0.00175047365002, -0.35969159776
43.56, 0.00194855129748, 4.63342207501, -0.00240520134519, -0.456134518397
44.61, 0.0019993793143, 6.09088936133, -0.00322972261773, -0.577756783718
45.61, 0.00203697418118, 7.49077078696, -0.00405283087176, -0.698583004413
46.56, 0.00205919017203, 8.82523843594, -0.00485286459379, -0.815097155182
47.61, 0.0020649213652, 10.3024287544, -0.00574652307929, -0.943847597756
48.56, 0.00205348834019, 11.6390531081, -0.00653921520372, -1.0442909013
49.56, 0.00202596925108, 13.0435830321, -0.00723948273431, -1.09444352392
50.56, 0.00198366795015, 14.4456481704, -0.00780291566203, -1.09722205485
51.56, 0.00192847168473, 15.846000954, -0.00828337660183, -1.0712238745
52.56, 0.00186261042823, 17.2454053321, -0.00872527267089, -1.03214463871
53.56, 0.00178866366595, 18.641930462, -0.00894203490204, -0.98961299441
54.56, 0.00172416845621, 19.7841979817, -0.00584780076025, -0.956826651698
55.56, 0.00169421777326, 20.3011858449, -0.00284946239438, -0.944513025942
56.56, 0.00171551709615, 20.3997675863, 0.211102245465, -0.941767670703
57.56, 0.00180120516642, 20.2915716087, 0.804198818251, -0.92647737911
58.56, 0.00190324239422, 20.1701988315, 1.49578542287, -0.90874292004
59.56, 0.00202555541096, 20.1072457306, 2.21302959611, -0.894462470867
60.56, 0.00214580442496, 20.0505378211, 2.93254919784, -0.885965961609
61.56, 0.00228120360837, 20.0308467274, 3.62240603778, -0.894013717856
62.56, 0.00238315765556, 20.0923576621, 4.17453643328, -0.907723319305
63.56, 0.00244085104493, 20.1300687374, 4.47662836538, -0.920482254303
64.56, 0.00246539714664, 20.1043101294, 4.57839838711, -0.930164391569
65.56, 0.00247476837908, 20.0339478544, 4.58358307518, -0.939196628578
66.56, 0.00248707635279, 19.7123338139, 4.45732131874, -0.940628334776
67.56, 0.00247455839655, 19.1817190733, 4.11698337827, -0.920883399277
68.56, 0.00245049344937, 18.5849408014, 3.71422584413, -0.898365815869
69.56, 0.00245867198865, 17.911158786, 3.45589268156, -0.878944740449
70.56, 0.00250972796997, 17.2301672904, 3.41092952627, -0.861291540094
71.56, 0.00261322449399, 16.6416243581, 3.62800778285, -0.841939695074
72.56, 0.0027843472829, 16.1143114672, 4.06312111912, -0.815142546857
73.56, 0.00298000652584, 15.5189481274, 4.5338140377, -0.791926840963
74.56, 0.00317239771306, 14.8416741296, 4.948720559, -0.785934580981
75.56, 0.00337078863256, 14.1004067816, 5.27243021908, -0.796152237516
76.56, 0.00352754289374, 13.3163664196, 5.49389502327, -0.816550021675
77.56, 0.00363831331021, 12.508124495, 5.61290065079, -0.842134982424
78.56, 0.00369391136862, 11.6907283653, 5.63418156652, -0.868934262903
79.56, 0.003691443928, 10.8759585454, 5.56472589563, -0.894323080305
80.56, 0.00363425413271, 10.0727967478, 5.41243178242, -0.9169032237
81.56, 0.00353057842894, 9.28784590609, 5.18546861082, -0.936142514182
82.56, 0.00340164508992, 8.51788604111, 4.90131310865, -0.954486141193
83.56, 0.00328203895263, 7.61980598236, 4.70772435806, -0.977105439992
84.56, 0.00319126959403, 6.47567684715, 4.65255027759, -0.993249878139
85.56, 0.00307887907697, 5.18114505982, 4.63416671911, -1.00052387908
86.56, 0.00293870788899, 3.82415253756, 4.61769592197, -0.995438463917
87.56, 0.00277893457157, 2.44204143996, 4.60095070079, -0.977913351088
88.56, 0.0026097620421, 1.06713484437, 4.58224168205, -0.951910745806
89.56, 0.00248317763854, 0.0729787797117, 4.55982162326, -0.934885581911
90.56, 0.00243607023185, -0.290101274066, 4.5470172961, -0.933616729467
91.56, 0.00247962493846, -0.292750230578, 4.75638626381, -0.937747820616
92.56, 0.00262471636055, -0.187261611766, 5.35043164585, -0.928425082446
93.56, 0.00280352474221, -0.104948621287, 6.04453731375, -0.915965790877
94.56, 0.00299718752465, -0.0723078826189, 6.76234369255, -0.907436469133
95.56, 0.00319841285235, -0.0368270085452, 7.48031729877, -0.905555846283
96.56, 0.00341684368414, -0.0287516392425, 8.17198386385, -0.916013723148
97.56, 0.00359826018072, -0.0948795773992, 8.73349300621, -0.927291650242
98.56, 0.00369270036742, -0.134003521207, 9.04411537694, -0.93477159042
99.56, 0.00374092650799, -0.107772599065, 9.14921185804, -0.939709409999
100.56, 0.00376493425083, -0.0266266706691, 9.15194000351, -0.945227756597
101.56, 0.00381141320062, 0.344902344117, 8.99438767239, -0.945128128871
102.56, 0.00381937473423, 0.884480271592, 8.63117436322, -0.930995445186
103.56, 0.00383173362313, 1.50349728868, 8.26025212219, -0.914879118305
104.56, 0.00390923915082, 2.18457836071, 8.04602331404, -0.900139849107
105.56, 0.00406933738572, 2.86230842876, 8.04360554835, -0.887455514083
106.56, 0.00433562202384, 3.43177758255, 8.30730199043, -0.873953675807
107.56, 0.00472147751473, 3.9693519161, 8.75587895401, -0.849506025016
108.56, 0.00518725220331, 4.58196634027, 9.21739319529, -0.826311739811
109.56, 0.00568846730277, 5.27361131616, 9.61359868367, -0.819472951475
110.56, 0.00615423034876, 6.02470773338, 9.91516195491, -0.830657832345
111.56, 0.00658386584833, 6.81434466401, 10.1138516331, -0.851699861889
112.56, 0.0069136422159, 7.62468046389, 10.2108393436, -0.877082198288
113.56, 0.00706786326232, 8.44140739387, 10.2115167848, -0.903028641941
114.56, 0.00706103042848, 9.25338806221, 10.1231462388, -0.927167178748
115.56, 0.00689089459015, 10.0521645388, 9.95368749919, -0.948300081244
116.56, 0.00659180268514, 10.8316185569, 9.71135375852, -0.966027704121
117.56, 0.00622189874312, 11.6049568181, 9.4243699515, -0.983153278747
118.56, 0.00592068551343, 12.5416978166, 9.25483884847, -1.00066884336
119.56, 0.00563505711137, 13.719136352, 9.20826817956, -1.01060707621
120.56, 0.00527804274281, 15.0278304265, 9.18653193261, -1.01138677576
121.56, 0.00486476517515, 16.3903728768, 9.16555798059, -1.00062126088
122.56, 0.00443038465873, 17.774616049, 9.14430291117, -0.979188499221
123.56, 0.00401151114247, 19.1332588653, 9.12118599633, -0.951518825958
124.56, 0.00374146870002, 20.0425196262, 9.09967327189, -0.936046240818
125.56, 0.00365840278184, 20.3278324498, 9.08973180524, -0.935329011287
126.56, 0.00376111760905, 20.2888634385, 9.35034698467, -0.936866902652
127.56, 0.00402143660774, 20.1852573848, 9.9616533753, -0.921920429036
128.56, 0.00433114276723, 20.1138222407, 10.6603620341, -0.904304525435
129.56, 0.00466218231141, 20.082571807, 11.3782467602, -0.890773231328
130.56, 0.00502468611902, 20.0435759049, 12.0939144176, -0.883991381555
131.56, 0.00536229733583, 20.0439927663, 12.7779804505, -0.894052588554
132.56, 0.00563043790724, 20.1083634447, 13.3156105167, -0.908093440375
133.56, 0.00576397107141, 20.1364273882, 13.5982416474, -0.920843976525
134.56, 0.00583976418459, 20.1023280851, 13.6826738229, -0.930402669261
135.56, 0.00588518740347, 20.0270889083, 13.6710181895, -0.939390445991
136.56, 0.00601303796079, 19.7015153045, 13.5176052577, -0.940233519513
137.56, 0.00616034933591, 19.175179257, 13.1604163674, -0.920605826041
138.56, 0.00635621495695, 18.5468081601, 12.8202218039, -0.899615884816
139.56, 0.00669056949791, 17.8649979629, 12.6409503241, -0.8812401332
140.56, 0.00720789930238, 17.1955117843, 12.6756975701, -0.863355484829
141.56, 0.00792241197267, 16.6430176976, 12.9806404133, -0.841794949627
142.56, 0.00905090309342, 16.0947204767, 13.438124603, -0.813226819429
143.56, 0.0104511778367, 15.4669046237, 13.8911562915, -0.793595388534
144.56, 0.0121254400295, 14.7641327745, 14.2714656613, -0.790167411835
145.56, 0.0128290250209, 14.2926403536, 14.287830286, -0.790421298621
146.56, 0.0120164073935, 14.0427295494, 13.8251552316, -0.781369080917
147.56, 0.0108464543, 13.803374682, 13.1864317599, -0.773320700572
148.56, 0.0098230607701, 13.4944114293, 12.5374455555, -0.77546521898
149.56, 0.00894596443142, 13.1355985968, 11.9051848016, -0.787929470532
150.56, 0.00831066410284, 12.7957894713, 11.3942852289, -0.827655063061
151.56, 0.00798977810705, 12.5452079717, 11.1066853653, -0.867583743541
152.56, 0.00784465764094, 12.4271893575, 10.9739740713, -0.896110364709
153.56, 0.00777314557986, 12.4106693313, 10.9171470451, -0.915791768723
154.56, 0.00770609396923, 12.6422690069, 10.9194306237, -0.917383228306
155.56, 0.00759093715771, 13.3186574343, 11.0130610585, -0.901382598816
156.56, 0.0074245683, 14.1458416857, 11.1609121052, -0.881105271866
157.56, 0.00720706880201, 14.9621599204, 11.3178657031, -0.852893394826
158.56, 0.00697496178487, 15.7413124876, 11.4805329417, -0.825990296181
159.56, 0.00662567510825, 16.4924962931, 11.5723152844, -0.802770324794
160.56, 0.00621509119043, 17.1864707073, 11.5215637151, -0.786133459775
161.56, 0.00576138110832, 17.7649167184, 11.3586926903, -0.804704188295
162.56, 0.00541670795201, 18.1519463111, 11.1309622213, -0.845835768083
163.56, 0.00520111465772, 18.3491067136, 10.9300195507, -0.879881182494
164.56, 0.00510437321425, 18.4366423728, 10.8320007671, -0.903573078576
165.56, 0.00508954461479, 18.4634347258, 10.8265893662, -0.919998812611
166.56, 0.0052306491277, 18.4309087286, 11.0411549543, -0.934018619839
167.56, 0.00559563791103, 18.3480711311, 11.5589178017, -0.935617183754
168.56, 0.00593731140121, 18.2922377617, 12.016969938, -0.934378253542
169.56, 0.00609440444752, 18.3147105652, 12.2559575625, -0.935446572648
170.56, 0.00610334628219, 18.3960721642, 12.3383974312, -0.937119922951
171.56, 0.00607619640843, 18.4697941483, 12.3648836547, -0.938665449475
172.56, 0.00616995989941, 18.283638468, 12.3329077323, -0.934666325098
173.56, 0.00647812523094, 17.6502520257, 12.2105996783, -0.916732817768
174.56, 0.00682534419741, 16.8997667277, 12.0554588853, -0.890096719696
175.56, 0.00712469297132, 16.1469009914, 11.8731084033, -0.863617415442
176.56, 0.00742427323088, 15.4077758777, 11.7323972968, -0.839958030001
177.56, 0.00776611161412, 14.6856494097, 11.6667250275, -0.819209934725
178.56, 0.00823200565246, 14.0088438289, 11.7351206236, -0.803782196561
179.56, 0.00879561145698, 13.3862853707, 11.9108935237, -0.810500058278
180.56, 0.00943614033099, 12.9111574809, 12.144960608, -0.8460659919
181.56, 0.010012003065, 12.6320749832, 12.3595781233, -0.879332799144
182.56, 0.0102914735664, 12.4989458347, 12.4651334529, -0.903022240372
183.56, 0.0103251780304, 12.4556789748, 12.4697660482, -0.919668384579
184.56, 0.0108090298979, 12.4351847305, 12.6951135456, -0.935162933288
185.56, 0.012213496936, 12.379805507, 13.270193769, -0.939655946948
186.56, 0.0135751010996, 12.3374255547, 13.7418453624, -0.939998412027
187.56, 0.0141858060727, 12.3479059046, 13.9391786967, -0.940874355669
188.56, 0.0141612900685, 12.3975351245, 13.9427758618, -0.941782980511
189.56, 0.0137246659896, 12.6715603021, 13.8931367694, -0.944752781226
190.56, 0.0129754390009, 13.2827304159, 13.8582460737, -0.935135571007
191.56, 0.0121412786606, 13.9654942862, 13.8186707264, -0.922540322866
192.56, 0.0112343161466, 14.6614075511, 13.7977941491, -0.910097172549
193.56, 0.0104737965351, 15.3714952966, 13.8167641856, -0.898683522726
194.56, 0.00971081361892, 16.0927214888, 13.8601426406, -0.892496089875
195.56, 0.00887854891766, 16.8189252213, 13.8684767479, -0.892268423675
196.56, 0.00817731593154, 17.5139166012, 13.8869438971, -0.905696922439
197.56, 0.00771702990155, 18.0699990209, 13.9717787153, -0.920552241166
198.56, 0.00747973722304, 18.3782791955, 14.0220884434, -0.930536711663
199.56, 0.00735933932994, 18.4803493677, 14.0024107108, -0.936732310315
200.56, 0.00732141192319, 18.4706919837, 13.9483206343, -0.940728197309
201.56, 0.0075128611432, 18.4246212907, 14.1178558748, -0.94859673138
202.56, 0.00793776641803, 18.4502061979, 14.636023503, -0.947283231414
203.56, 0.00829572009252, 18.540657577, 15.1149267906, -0.943965822452
204.56, 0.00849604666123, 18.5849854411, 15.3743113008, -0.943494634659
205.56, 0.00860476856742, 18.561138695, 15.4487866386, -0.943979592246
206.56, 0.00895526634186, 18.2971288312, 15.4562549887, -0.943505865393
207.56, 0.00976501837653, 17.7020185953, 15.4364723829, -0.926678241741
208.56, 0.0107125981271, 17.0201831345, 15.3624947141, -0.90732451306
209.56, 0.0117357347046, 16.3217242322, 15.2744322099, -0.888760989014
210.56, 0.0128242754746, 15.6253796806, 15.2221247194, -0.870959016647
211.56, 0.0141957476731, 14.9216615911, 15.2306597022, -0.857069137038
212.56, 0.0159094377459, 14.1996110922, 15.2771762096, -0.849402904196
213.56, 0.017595741404, 13.4915431049, 15.3201087866, -0.858178567294
214.56, 0.0192145029613, 12.9349516341, 15.4109087123, -0.8818639147
215.56, 0.0203024256849, 12.612740591, 15.486976922, -0.903485041659
216.56, 0.0206224916189, 12.4820637018, 15.494347108, -0.918845300549
217.56, 0.0204448224531, 12.4630740682, 15.454739586, -0.929492115818
218.56, 0.0215779354377, 12.4785231482, 15.6598659376, -0.942905833901
219.56, 0.0252531289914, 12.4345341243, 16.1974746817, -0.947115295515
220.56, 0.0294183891014, 12.3608429282, 16.6693416975, -0.946645965549
221.56, 0.0317783877231, 12.3414287941, 16.9026733392, -0.946152195938
222.56, 0.0320990605072, 12.3801026876, 16.9499163456, -0.945888556395
223.56, 0.0306793816742, 12.6467395772, 16.9416101359, -0.948593411029
224.56, 0.0274968065917, 13.248563118, 16.9195422382, -0.939616714082
225.56, 0.0238124440106, 13.9351700531, 16.8518035656, -0.926791235006
226.56, 0.0205312049744, 14.6319294698, 16.780410752, -0.91360109759
227.56, 0.0178559767454, 15.3292573012, 16.7471084062, -0.900986433211
228.56, 0.0156648161615, 16.0389304296, 16.7696397389, -0.89055441616
229.56, 0.0138459837391, 16.7652818237, 16.811536545, -0.885931939429
230.56, 0.012122644452, 17.4746690204, 16.8416289344, -0.896157157488
231.56, 0.0110750898409, 18.0334842616, 16.92570093, -0.914321333632
232.56, 0.0105406002176, 18.3554675182, 16.9947921717, -0.927096702976
233.56, 0.0103100244082, 18.4824507829, 16.9963243613, -0.934887249137
234.56, 0.0102389419406, 18.4965623095, 16.9531046716, -0.939850611484
235.56, 0.0103862131782, 18.3037088297, 16.7725468963, -0.939700800991
236.56, 0.0108770763636, 17.7475417827, 16.351293441, -0.935346346993
237.56, 0.0114563258743, 17.0485898627, 15.868116901, -0.926444372708
238.56, 0.0118157248893, 16.3810222108, 15.3737579571, -0.908069391582
239.56, 0.0117152952082, 15.8681136206, 14.85749556, -0.900143695839
240.56, 0.0113323944023, 15.5573407598, 14.426936602, -0.914681830384
241.56, 0.0109203884849, 15.46443718, 14.1446402745, -0.928699602114
242.56, 0.0105873480031, 15.4908247706, 13.9813196901, -0.937000396242
243.56, 0.010408082457, 15.521668943, 13.9014234107, -0.941633604388
244.56, 0.0105738485976, 15.2772852417, 13.8454026297, -0.945383943869
245.56, 0.0113248702888, 14.6781558383, 13.8506422757, -0.936291715417
246.56, 0.0123024094202, 13.9919869637, 13.9164926682, -0.923582814847
247.56, 0.0132868802429, 13.2944149173, 13.9749733162, -0.910617376718
248.56, 0.0140795384995, 12.5891435976, 13.9805840619, -0.898222274757
249.56, 0.0145654513161, 11.8749598066, 13.9298467255, -0.887014937082
250.56, 0.0146258795561, 11.192244717, 13.8147376368, -0.880939681392
251.56, 0.0139952138219, 10.5465499003, 13.5655361985, -0.881245450975
252.56, 0.0130492918393, 9.8676325489, 13.2477556834, -0.885068504409
253.56, 0.012155682148, 9.12885807738, 12.9725384246, -0.889986696942
254.56, 0.0113985201861, 8.34639560891, 12.7812353104, -0.896769540278
255.56, 0.0107704613872, 7.53976061708, 12.6841597908, -0.905784795112
256.56, 0.0102464927449, 6.72470202433, 12.6801367849, -0.916678829666
257.56, 0.00946966774665, 6.16992195727, 12.4646301445, -0.913110511889
258.56, 0.00836523028357, 5.8710281475, 11.8764914121, -0.907260480635
259.56, 0.00732602693757, 5.45455874066, 11.2375579026, -0.908138958774
260.56, 0.00640960051459, 4.88198937505, 10.5588018485, -0.912021240591
261.56, 0.00568749084678, 4.46179777953, 9.95235090925, -0.916775365181
262.56, 0.00542180181062, 4.32553138109, 9.66163290591, -0.924943781553
263.56, 0.00540933028612, 4.39049313468, 9.61474060646, -0.932539595727
264.56, 0.00556860130975, 4.7231917813, 9.68216708572, -0.932212716682
265.56, 0.00582967094627, 5.34204856008, 9.75939825191, -0.913828038135
266.56, 0.00610090183175, 6.03605970735, 9.82684412466, -0.892079060121
267.56, 0.00637338902743, 6.74106383283, 9.90598658013, -0.871279219778
268.56, 0.00663378612287, 7.44987464519, 9.99090435074, -0.851805881535
269.56, 0.00683516886118, 8.15027342856, 10.0478795815, -0.834187629782
270.56, 0.00690361083634, 8.83882577205, 10.0221982415, -0.822646921246
271.56, 0.00686047552615, 9.50632902121, 9.93403986587, -0.830173409646
272.56, 0.00671104823705, 10.0320875588, 9.79395120038, -0.860853995776
273.56, 0.00655988521444, 10.3445038379, 9.65857495746, -0.889379887824
274.56, 0.00649456801643, 10.4876172041, 9.60125486963, -0.909569410526
275.56, 0.00650774450488, 10.5272030225, 9.61536003518, -0.923711025564
276.56, 0.00675330427063, 10.519477295, 9.84261895057, -0.937619908367
277.56, 0.00735694082679, 10.4726162822, 10.351007093, -0.939495545755
278.56, 0.00795528640183, 10.4198044519, 10.7963169138, -0.938142592413
279.56, 0.0082961415183, 10.4292819964, 11.0372342607, -0.938742130336
280.56, 0.00844691586777, 10.4903561049, 11.1333914851, -0.940031602517
281.56, 0.00850498715348, 10.5445590417, 11.1705004556, -0.941110083352
282.56, 0.00844932632847, 10.2985831241, 11.1252910355, -0.935316774834
283.56, 0.00822035308738, 9.65781752805, 10.9761630232, -0.915116102405
284.56, 0.00793416615283, 8.92413772814, 10.8255882154, -0.889407183922
285.56, 0.00763976149748, 8.18930293919, 10.6925842545, -0.865268097819
286.56, 0.00732818456759, 7.46333131396, 10.5982345887, -0.843466852674
287.56, 0.00706384590591, 6.75271596456, 10.5549103329, -0.823900788247
288.56, 0.00690647239287, 6.07670509896, 10.6261980821, -0.809987884045
289.56, 0.00682397714388, 5.44869812527, 10.7841492803, -0.819854166872
290.56, 0.00683100816145, 4.97444963265, 10.9948258351, -0.854188676295
291.56, 0.00688820953911, 4.70041702358, 11.1797955799, -0.885093776099
292.56, 0.00690848482067, 4.57377175219, 11.2623599496, -0.906870167905
293.56, 0.00688305718258, 4.53682277746, 11.2560758502, -0.92210592748
294.56, 0.00706979309622, 4.52344586089, 11.4429963731, -0.93767561361
295.56, 0.00765810237496, 4.46727871637, 12.0016846553, -0.942230565014
296.56, 0.00822485975567, 4.41402324842, 12.4933645552, -0.941978751772
297.56, 0.00852095280886, 4.41491926366, 12.7176885661, -0.942248169741
298.56, 0.00858956259432, 4.46249979241, 12.7396983694, -0.942827320564
299.56, 0.00879581241751, 4.76822087804, 12.7093636268, -0.944976651388
300.56, 0.00924342689424, 5.39081806261, 12.6760422575, -0.934893209755
301.56, 0.00966487127108, 6.07670995214, 12.6277232033, -0.922119111128
302.56, 0.010113792086, 6.77249254659, 12.59521964, -0.909533926688
303.56, 0.0105643559704, 7.4800577885, 12.6033312453, -0.897867074711
304.56, 0.0110144127398, 8.20127801694, 12.64356567, -0.891054705552
305.56, 0.0112972409127, 8.93050295981, 12.6532697552, -0.890464570913
306.56, 0.0114778635708, 9.62255602404, 12.6740868439, -0.904566173875
307.56, 0.0116983016151, 10.1581656536, 12.7598738484, -0.919953834271
308.56, 0.0118102157106, 10.4481054052, 12.8094180665, -0.930259049717
309.56, 0.0117489052492, 10.5427429529, 12.7904549776, -0.936567586412
310.56, 0.0116186880425, 10.5333909989, 12.7382394733, -0.940642382496
311.56, 0.0120368516293, 10.493395745, 12.8987834706, -0.948803687896
312.56, 0.0134284590041, 10.5237479686, 13.4139612399, -0.947550572223
313.56, 0.015130127482, 10.6152400734, 13.8937287211, -0.943946554507
314.56, 0.0161276819195, 10.659034251, 14.1534948363, -0.943239914192
315.56, 0.0164289702029, 10.636233816, 14.2243901644, -0.943555617018
316.56, 0.0163461092232, 10.5857053349, 14.1983741056, -0.944078723914
317.56, 0.0163342356387, 10.2993454481, 14.1815413579, -0.943391597575
318.56, 0.0162730932825, 9.68518916736, 14.1675878504, -0.926884658063
319.56, 0.0158267209365, 8.99662331821, 14.1152624717, -0.908177227814
320.56, 0.0151729976434, 8.30125884875, 14.0621975238, -0.889885938058
321.56, 0.0144783166896, 7.60372201683, 14.0432173166, -0.872469865304
322.56, 0.0137914807935, 6.89213180519, 14.0734606271, -0.859789671908
323.56, 0.0129980441108, 6.16417348576, 14.1133333562, -0.853111691229
324.56, 0.0121558770989, 5.46473394646, 14.1464742502, -0.86498354154
325.56, 0.0116421803816, 4.93213485108, 14.2320438175, -0.887746348677
326.56, 0.0113409776712, 4.63738113998, 14.2922361997, -0.90771970605
327.56, 0.0111789504834, 4.52826478321, 14.2858688349, -0.921706967133
328.56, 0.0110840900451, 4.52236925961, 14.2404733104, -0.931361605241
329.56, 0.0114037944442, 4.55424167767, 14.382208127, -0.944554362892
330.56, 0.0124449800314, 4.53235120766, 14.8967659953, -0.949325204762
331.56, 0.0134429443212, 4.45301937262, 15.3956951031, -0.948733454162
332.56, 0.0140142715868, 4.41606112582, 15.6699695111, -0.947707250641
333.56, 0.0142814967113, 4.44163137354, 15.74520896, -0.947089922437
334.56, 0.0143269071739, 4.49326670524, 15.7174849786, -0.946781881418
335.56, 0.0149026906541, 4.79301800924, 15.6977473365, -0.948737876939
336.56, 0.0163954594381, 5.41321440602, 15.6793866063, -0.938839580272
337.56, 0.0179236347216, 6.10098903816, 15.6294047071, -0.925944658417
338.56, 0.0194349423037, 6.79574262743, 15.5829211446, -0.913111782445
339.56, 0.0210029383252, 7.49555020552, 15.5711365521, -0.900845185271
340.56, 0.022670710556, 8.21168882387, 15.6046920558, -0.891570268747
341.56, 0.0239619478217, 8.94175360863, 15.6348646243, -0.888415441625
342.56, 0.0247965931272, 9.6382049386, 15.6606382789, -0.901420192064
343.56, 0.0255169527112, 10.1654101328, 15.7425586138, -0.918150654104
344.56, 0.0258424162551, 10.4530180304, 15.7967018804, -0.929453092168
345.56, 0.025685676916, 10.5551520634, 15.7855051507, -0.936254994175
346.56, 0.0253034361655, 10.5561183875, 15.7384083747, -0.940612860693
347.56, 0.0240531655141, 10.3608157214, 15.5625418955, -0.940715846455
348.56, 0.0212926930195, 9.79975165845, 15.1501593638, -0.936345752988
349.56, 0.0183735387703, 9.10725917217, 14.6771912839, -0.925279586253
350.56, 0.0158936100438, 8.44962913886, 14.1895624783, -0.906815641793
351.56, 0.0135929527533, 7.94429482257, 13.6734619467, -0.898150831879
352.56, 0.0121360084388, 7.63623238269, 13.2361865171, -0.912872302945
353.56, 0.0113554966247, 7.54267833847, 12.9435439524, -0.927519448726
354.56, 0.0109820345567, 7.56641867926, 12.7733303147, -0.936305347198
355.56, 0.0108165735335, 7.59474939187, 12.6907554302, -0.941229055102
356.56, 0.0106575626293, 7.4242645328, 12.662288099, -0.947013560564
357.56, 0.010463472735, 6.87635029445, 12.736644099, -0.939876302586
358.56, 0.0103053515106, 6.22178345818, 12.898197694, -0.927843252354
359.56, 0.0100705738753, 5.5426467382, 13.0794091116, -0.914575770944
360.56, 0.00967578812193, 4.8568964373, 13.2163601174, -0.901714074329
361.56, 0.00910630401548, 4.15264783842, 13.2824362659, -0.890126161146
362.56, 0.00841574113354, 3.4447647347, 13.2913556362, -0.884450635916
363.56, 0.00775093756383, 2.75284681842, 13.2545785388, -0.885875605047
364.56, 0.00714416146161, 2.05261571267, 13.2363333132, -0.891975877189
365.56, 0.00666875724798, 1.34451376882, 13.3077605985, -0.903038130407
366.56, 0.00621316819849, 0.659728733918, 13.3839095857, -0.917821625298
367.56, 0.00588362374577, 0.17212730049, 13.4343110763, -0.928075424897
368.56, 0.00577490578276, -0.0414273341452, 13.4953805197, -0.935325066492
369.56, 0.00589635766744, -0.102957663733, 13.7827886139, -0.937484392281
370.56, 0.00627391719984, -0.0712619829536, 14.3872113301, -0.9279962871
371.56, 0.00674333243394, 0.0121743506961, 15.0745399711, -0.915116774768
372.56, 0.00726195648331, 0.0781896341906, 15.7732453973, -0.902080915676
373.56, 0.00775216220914, 0.0937009999407, 16.4812126994, -0.891217753311
374.56, 0.00821611219395, 0.0791751068245, 17.1752265958, -0.895777633276
375.56, 0.00846891685272, 0.0136826229538, 17.7169087464, -0.913692638335
376.56, 0.00854669801284, -0.0616778070307, 18.0299172109, -0.926969786123
377.56, 0.00859475537895, -0.0849438178666, 18.173805895, -0.935412946047
378.56, 0.0086864184919, -0.041631341698, 18.2432512936, -0.944230714274
379.56, 0.0092818113926, 0.343849788062, 18.1929922232, -0.944810149304
380.56, 0.010134397716, 0.933222894122, 17.9425772084, -0.931303208822
381.56, 0.0109433118672, 1.54475761371, 17.5411484321, -0.913203402099
382.56, 0.0115973313124, 2.13859723717, 17.0589671393, -0.893817696591
383.56, 0.0125054344013, 2.7969108202, 16.7023009093, -0.877013992583
384.56, 0.0138265442944, 3.4793780302, 16.5830881869, -0.862951014056
385.56, 0.0158482194018, 4.08623794807, 16.7439442158, -0.850989731336
386.56, 0.0190019136058, 4.59511919007, 17.1641581868, -0.832142851758
387.56, 0.0233232720343, 5.1591744043, 17.6521998465, -0.810586159678
388.56, 0.0304648349455, 5.80896187223, 18.0984265342, -0.805952306417
389.56, 0.0406224462801, 6.52988807881, 18.4585116763, -0.818022631727
390.56, 0.0552819208289, 7.30051011446, 18.717296369, -0.839663733379
391.56, 0.074606647739, 8.10125966909, 18.8726365333, -0.865782942413
392.56, 0.0933226595905, 8.91601941234, 18.9283097488, -0.892569754561
393.56, 0.102621654779, 9.73202806087, 18.8908274229, -0.917564433137
394.56, 0.0930990443933, 10.539446386, 18.7678821464, -0.939497196764
395.56, 0.0737740889183, 11.3308889032, 18.5675287348, -0.957924500644
396.56, 0.0553401655816, 12.1107078028, 18.3102393789, -0.974759206577
397.56, 0.0417629853342, 13.0234253139, 18.1524715325, -0.991487430052
398.56, 0.030883322856, 14.1749662741, 18.1335298043, -1.00051761963
399.56, 0.0227141405716, 15.4718386592, 18.1526841298, -0.999717456035
400.56, 0.016321098998, 16.82949386, 18.1753106405, -0.987804020794
401.56, 0.0122121942733, 18.211712155, 18.1984246571, -0.965727848048
402.56, 0.0095882211609, 19.4823898935, 18.208501713, -0.94122153971
403.56, 0.00849398385901, 20.163881696, 18.2024470109, -0.933019759804
404.56, 0.0083317697187, 20.2724169608, 18.1926682294, -0.935232357358
405.56, 0.0086365033086, 20.1466248727, 18.4181350775, -0.937963964824
406.56, 0.00907637707869, 20.0640553153, 19.0192140979, -0.923679010939
407.56, 0.0094289113216, 20.0423297477, 19.7197358989, -0.906236148418
408.56, 0.00966242415502, 20.050325953, 20.4273198405, -0.893592374856
409.56, 0.00982385828081, 20.0511894062, 21.131574251, -0.888520714026
410.56, 0.00985645420157, 20.0704636369, 21.8218662084, -0.89804922783
411.56, 0.00972648513264, 20.1319784101, 22.3834708281, -0.910409862378
412.56, 0.00966195173272, 20.1504043177, 22.6796873807, -0.922058881552
413.56, 0.00972557671859, 20.1079615296, 22.7633064326, -0.930995618927
414.56, 0.0099315235077, 20.0071203439, 22.7372231519, -0.940580046997
415.56, 0.0107875726264, 19.6135529207, 22.5240202204, -0.934707733364
416.56, 0.0121577650474, 19.0676252595, 22.1508251809, -0.914072365633
417.56, 0.0132704089754, 18.6753415053, 21.7103488642, -0.899104891591
418.56, 0.0140921532153, 18.3862089706, 21.2111709255, -0.8964415761
419.56, 0.015279378238, 17.9845641309, 20.7028097281, -0.891730136673
420.56, 0.0167032262738, 17.5264101434, 20.2089401548, -0.881981051178
421.56, 0.018020088578, 17.1255591541, 19.830037995, -0.893724279858
422.56, 0.0190599406085, 16.8489930536, 19.6443388177, -0.90936227078
423.56, 0.0197908272515, 16.6866479363, 19.5893818471, -0.921780262174
424.56, 0.0201553737426, 16.6120574606, 19.5729817936, -0.930438730881
425.56, 0.019224103856, 16.788424594, 19.564743584, -0.930378575753
426.56, 0.0164005320357, 17.4337382343, 19.4887863023, -0.924361761499
427.56, 0.0133632804045, 18.2386644555, 19.3639696397, -0.912380624465
428.56, 0.0111712229971, 19.0401763612, 19.2108187167, -0.893262595334
429.56, 0.00950098857821, 19.8101261936, 19.0003850859, -0.873747509582
430.56, 0.00823392275355, 20.5618934634, 18.8576069955, -0.856584193139
431.56, 0.00735852933417, 21.262631134, 18.8793459575, -0.842476089113
432.56, 0.00671693317828, 21.8575540729, 19.0308893843, -0.853944081368
433.56, 0.00632486223128, 22.2708989383, 19.2580578884, -0.885967941272
434.56, 0.00615781639558, 22.4897351443, 19.4714294164, -0.910137726349
435.56, 0.006084519013, 22.5896629077, 19.5820980477, -0.924723681787
436.56, 0.0060572669551, 22.6220437763, 19.5935750849, -0.934246609743
437.56, 0.00606932274666, 22.6409608244, 19.7811502975, -0.944696337304
438.56, 0.00609856532072, 22.6983955145, 20.3583490109, -0.944198045247
439.56, 0.00610925237047, 22.7439262213, 20.8708108567, -0.941464879882
440.56, 0.00613292545988, 22.7373321521, 21.0992786971, -0.941756250444
441.56, 0.00618123828566, 22.6882266867, 21.1137061262, -0.942827980811
442.56, 0.00647447710902, 22.3925216127, 21.0646899206, -0.943162922309
443.56, 0.00716292939112, 21.7750479861, 21.0249803103, -0.92741963666
444.56, 0.00806013120597, 21.0916265814, 20.9826342264, -0.90919296731
445.56, 0.00916276775563, 20.3945306066, 20.9611608837, -0.891023592536
446.56, 0.0105490432577, 19.6818646171, 20.9795738831, -0.875281967614
447.56, 0.0123040638642, 18.9603725253, 21.0163653016, -0.865287534846
448.56, 0.0145279123594, 18.2370016448, 21.0173988666, -0.861027801568
449.56, 0.0172770466209, 17.545583945, 21.0362065058, -0.875389014218
450.56, 0.020115198821, 16.9945071245, 21.1170681923, -0.895339590763
451.56, 0.0219617479762, 16.6947319597, 21.1593877316, -0.91252874592
452.56, 0.022560755322, 16.6007315888, 21.134304942, -0.924689472252
453.56, 0.0224299262675, 16.6152388616, 21.079160736, -0.933068294913
454.56, 0.0222598608753, 16.662012905, 21.2731906058, -0.945274449256
455.56, 0.0227167065445, 16.6314692915, 21.7962789515, -0.949221911817
456.56, 0.0233188391655, 16.5397605342, 22.2631742653, -0.948724578146
457.56, 0.0235439712022, 16.4972245054, 22.5102629891, -0.947815119375
458.56, 0.0233233598734, 16.5221596215, 22.5780221499, -0.947145896999
459.56, 0.021493517901, 16.7958030067, 22.5832211187, -0.949307931692
460.56, 0.0183429393302, 17.3944502946, 22.5640993488, -0.940222849149
461.56, 0.0152695696156, 18.0772666808, 22.4921847678, -0.927559065561
462.56, 0.0129545645954, 18.7761575097, 22.4056616279, -0.914172215209
463.56, 0.01112740693, 19.4727671494, 22.3537393998, -0.901267320373
464.56, 0.00964331862157, 20.1762492743, 22.3613498705, -0.889918361969
465.56, 0.00840686253572, 20.898205194, 22.4075368983, -0.883907337845
466.56, 0.00741415507248, 21.6043802822, 22.4518578488, -0.893611673083
467.56, 0.00675417611307, 22.1554182742, 22.5428721398, -0.912567540551
468.56, 0.00641264092826, 22.4721425477, 22.6182080764, -0.926033840842
469.56, 0.00628615947923, 22.6000436968, 22.6254714265, -0.934211328471
470.56, 0.0062667351295, 22.6184438475, 22.5864506498, -0.939376007117
471.56, 0.00627063856315, 22.6033065746, 22.7920452144, -0.947851198032
472.56, 0.00618284403499, 22.6477622102, 23.3300801722, -0.946485462501
473.56, 0.00605773132046, 22.7210906803, 23.8024849147, -0.943413988292
474.56, 0.00600784016057, 22.7397745484, 24.035702058, -0.943164995813
475.56, 0.0060371233901, 22.700492513, 24.082335741, -0.943695046762
476.56, 0.0062801304003, 22.4219219625, 24.0754769357, -0.943660035985
477.56, 0.00695317987276, 21.8153221719, 24.0523050258, -0.927227882789
478.56, 0.00782643763195, 21.1277782667, 23.9839868957, -0.908352061727
479.56, 0.00889014729601, 20.4312285974, 23.9134916656, -0.890022118949
480.56, 0.0101018833245, 19.7339748666, 23.881698742, -0.872507981442
481.56, 0.0117533877614, 19.023974026, 23.9052588182, -0.859523018598
482.56, 0.0137646709026, 18.2970895848, 23.9458480005, -0.852564409738
483.56, 0.0162304102516, 17.5944732859, 23.9794143262, -0.863502584883
484.56, 0.0185053063867, 17.0539598593, 24.0657410621, -0.886341513287
485.56, 0.0199524538624, 16.7508636444, 24.1298512433, -0.90660656565
486.56, 0.0205919153991, 16.6357805699, 24.1267114463, -0.920862575619
487.56, 0.0207235361029, 16.6265222466, 24.0829575775, -0.930690816995
488.56, 0.0202859223646, 16.6453714189, 24.2871064767, -0.943676079589
489.56, 0.0194236339749, 16.5967253419, 24.8220829841, -0.947708866301
490.56, 0.0187668875301, 16.5143846097, 25.2932257171, -0.947099614398
491.56, 0.0183276281455, 16.4888499334, 25.5290782394, -0.946453165311
492.56, 0.0180634547371, 16.5251347599, 25.5798915573, -0.946078676528
493.56, 0.0169292714574, 16.802388432, 25.5768875039, -0.948282165555
494.56, 0.0148133047364, 17.4065175609, 25.5562151725, -0.939071648911
495.56, 0.0128763660049, 18.0930186413, 25.4870150173, -0.926252133594
496.56, 0.01132146238, 18.7903621416, 25.4116470078, -0.913005414082
497.56, 0.00986145178923, 19.4874051947, 25.3740413852, -0.900326501342
498.56, 0.00865964449514, 20.1956888321, 25.3932217378, -0.889740656897
499.56, 0.00762784933032, 20.9215547093, 25.4358334644, -0.884922353679
500.56, 0.00679214046092, 21.6261212633, 25.4715231298, -0.895959267448
501.56, 0.00621856191476, 22.1712226625, 25.5584929241, -0.914263474905
502.56, 0.0059207336939, 22.4797419457, 25.6261138692, -0.927022196656
503.56, 0.00581725169988, 22.5995045427, 25.6263905066, -0.934745088837
504.56, 0.00581766391526, 22.6113746571, 25.5832784956, -0.939624337635
505.56, 0.00605285754103, 22.3986910344, 25.3882023491, -0.938608046717
506.56, 0.00672616829656, 21.8281748173, 24.9602358583, -0.93411544003
507.56, 0.00769858256736, 21.1244890857, 24.4767168723, -0.924785896667
508.56, 0.00881572543053, 20.4652134859, 23.9759113288, -0.906506757412
509.56, 0.00985377511432, 19.967374971, 23.457858684, -0.899839565821
510.56, 0.0105665171869, 19.6731927292, 23.0298969149, -0.915043930749
511.56, 0.0107974446122, 19.5939828327, 22.7516474948, -0.929108828242
512.56, 0.0107545498877, 19.6244267332, 22.5919286618, -0.937299720387
513.56, 0.0106976850324, 19.654457851, 22.5159850821, -0.941938619954
514.56, 0.0111872699217, 19.4427480586, 22.467971592, -0.946850589804
515.56, 0.0127038513543, 18.858738591, 22.4850496355, -0.938650976147
516.56, 0.0147545865338, 18.1781215528, 22.5712730858, -0.926140147356
517.56, 0.0177195808671, 17.4831086851, 22.6559554878, -0.913107888949
518.56, 0.0215241949112, 16.7805331113, 22.6883627583, -0.900639202386
519.56, 0.0268491715189, 16.0660932512, 22.6597588258, -0.888968250692
520.56, 0.0341809652476, 15.3776247689, 22.5684171059, -0.881243906616
521.56, 0.0444884428824, 14.727176319, 22.3421463874, -0.879635062124
522.56, 0.0599550689276, 14.0464201288, 22.0381011764, -0.881083954092
523.56, 0.0909571640157, 13.3059341247, 21.7731376298, -0.883727661957
524.56, 0.152934846841, 12.5218717426, 21.5919637417, -0.888638083791
525.56, 0.313103066189, 11.714302737, 21.505814947, -0.896155135091
526.56, 0.883094911692, 10.9008356802, 21.5127090481, -0.905642060967
527.56, 1.39777440367, 10.3926417526, 21.2575210837, -0.900097329682
528.56, 0.556043829523, 10.0868460292, 20.6657990428, -0.896149363748
529.56, 0.248441862865, 9.64684576292, 20.0276282525, -0.899410131724
530.56, 0.125804010975, 9.05187540969, 19.3465010226, -0.905792280125
531.56, 0.0797379000814, 8.61658041073, 18.741224291, -0.912714006655
532.56, 0.0671325072936, 8.47633393861, 18.4548122622, -0.922547986349
533.56, 0.0666759556238, 8.54233409037, 18.4127466269, -0.931198774064
534.56, 0.0725869112344, 8.84991508757, 18.4844853913, -0.933627089231
535.56, 0.0828148250727, 9.46005006365, 18.5683097574, -0.915804882699
536.56, 0.0887421688071, 10.1518634817, 18.648244526, -0.893827090826
537.56, 0.0876524161642, 10.8569645932, 18.7353226934, -0.872750649498
538.56, 0.0796787599604, 11.5658646395, 18.8255905797, -0.853068433367
539.56, 0.0673307807724, 12.267299774, 18.8880557276, -0.835067408624
540.56, 0.0537774575357, 12.9549186859, 18.8643631391, -0.822830333444
541.56, 0.0423977783989, 13.6255988874, 18.7732959331, -0.828084153316
542.56, 0.0348319035674, 14.1637079699, 18.6306114425, -0.858334686242
543.56, 0.030758434309, 14.4901722677, 18.4875821437, -0.887387511609
544.56, 0.0291025972575, 14.6429256821, 18.4228507558, -0.908137442332
545.56, 0.0288191585347, 14.6878613651, 18.4338916194, -0.922758426716
546.56, 0.0304420830995, 14.682246782, 18.6951909031, -0.936241847658
547.56, 0.0341664679466, 14.6362996097, 19.2126438399, -0.938076820501
548.56, 0.0376196447177, 14.5882267262, 19.6492317384, -0.937384850501
549.56, 0.0388952754834, 14.6040762144, 19.878582206, -0.938555438196
550.56, 0.0385817765673, 14.6676493183, 19.9681456511, -0.940082602813
551.56, 0.0380321580167, 14.7221632168, 20.002180944, -0.941418582009
552.56, 0.0405454585268, 14.5316610659, 19.9692677914, -0.93795655424
553.56, 0.049873679531, 13.9178054078, 19.8332435007, -0.918616803361
554.56, 0.0639071985195, 13.1910911731, 19.6648171031, -0.89254082405
555.56, 0.08138178684, 12.4565357309, 19.5028577691, -0.867808701144
556.56, 0.100708727748, 11.7285675816, 19.3891914257, -0.845652456
557.56, 0.121559178431, 11.0162201132, 19.3370445639, -0.825890706879
558.56, 0.145487035384, 10.3405352971, 19.4073331768, -0.811375661052
559.56, 0.166173043419, 9.70390528852, 19.5716895683, -0.817080362592
560.56, 0.179901009088, 9.20728404897, 19.7891669149, -0.85046942593
561.56, 0.190589955967, 8.91019070736, 19.9887082436, -0.882155243322
562.56, 0.192455276645, 8.76867023459, 20.0840742774, -0.904773880147
563.56, 0.188686209537, 8.72387074556, 20.0841418657, -0.920666506095
564.56, 0.220029861266, 8.70034583648, 20.3113233072, -0.935908321031
565.56, 0.322121262949, 8.63630304795, 20.8859037903, -0.940491871661
566.56, 0.414363876802, 8.58560480456, 21.3602093609, -0.94090725337
567.56, 0.459287869991, 8.59221399345, 21.5617812114, -0.941805769739
568.56, 0.491868236728, 8.64201575926, 21.5691130622, -0.942728260893
569.56, 0.726795279804, 8.92927729068, 21.5240556366, -0.94584180754
570.56, 2.11808806226, 9.54571557721, 21.4884627768, -0.936131117402
571.56, 2.7064483399, 10.230073427, 21.4426049639, -0.923417208898
572.56, 0.82724231326, 10.9250282165, 21.4124527369, -0.910855942314
573.56, 0.332590386808, 11.631563324, 21.4216210263, -0.899102339721
574.56, 0.171431293533, 12.352366854, 21.4634098627, -0.891917085276
575.56, 0.102218679483, 13.0816307802, 21.475989344, -0.890856459155
576.56, 0.0688224625734, 13.7768951915, 21.4939845604, -0.904339926873
577.56, 0.0530536428588, 14.3202908711, 21.5786938208, -0.919781870537
578.56, 0.0465703768988, 14.6186028035, 21.6305300377, -0.930159986358
579.56, 0.044602649104, 14.7187745909, 21.6135681245, -0.936519781623
580.56, 0.0446455161669, 14.7120807154, 21.5624680203, -0.940611568341
581.56, 0.045588125504, 14.6752862823, 21.7674103261, -0.948541880337
582.56, 0.0448496087155, 14.7123778899, 22.2956786546, -0.947015897089
583.56, 0.0424475379321, 14.7998118101, 22.7612381081, -0.943865818036
584.56, 0.0410191743954, 14.8345381852, 23.0014447852, -0.94350600953
585.56, 0.0413021362241, 14.8044094527, 23.0612886491, -0.943973851166
586.56, 0.0461212296666, 14.53306146, 23.0630779738, -0.943359506805
587.56, 0.0603683145192, 13.9332768966, 23.0435123034, -0.926541106182
588.56, 0.0868803525948, 13.2489470097, 22.9725418178, -0.907328851419
589.56, 0.13676664779, 12.550843932, 22.8902598398, -0.888838897829
590.56, 0.239918751576, 11.8544712499, 22.8440390912, -0.871112053043
591.56, 0.46402405461, 11.1494836321, 22.856443397, -0.85747278056
592.56, 0.983310299611, 10.4260572044, 22.9016352947, -0.849993239813
593.56, 1.01359808464, 9.72107054841, 22.9429331724, -0.859786819027
594.56, 0.567407313398, 9.17387320526, 23.0326211633, -0.883336239673
595.56, 0.400688084942, 8.86190339254, 23.1042219842, -0.904541630623
596.56, 0.353874104321, 8.73825183268, 23.1078710819, -0.919520385303
597.56, 0.360407571201, 8.7228233681, 23.0670239307, -0.929883833409
598.56, 0.311620727615, 8.73709671943, 23.2692002501, -0.943121326861
599.56, 0.201119187471, 8.68838750123, 23.8025069303, -0.946920495377
600.56, 0.141407049824, 8.61122210402, 24.267195573, -0.946116845348
601.56, 0.121672603831, 8.5904213666, 24.495772915, -0.945386355047
602.56, 0.119861068805, 8.62857338166, 24.5414859808, -0.94494951325
603.56, 0.130382334696, 8.88396381904, 24.534058074, -0.947430056277
604.56, 0.151440873995, 9.48122059016, 24.5160155198, -0.938591990995
605.56, 0.165502465093, 10.1670531974, 24.4512843343, -0.925808245308
606.56, 0.15563374003, 10.8640984397, 24.3813941791, -0.912606586037
607.56, 0.125529118773, 11.5614010367, 24.3491062979, -0.899972297297
608.56, 0.0926031943525, 12.2704906132, 24.3730646952, -0.889546932821
609.56, 0.0673920585109, 12.9963651519, 24.4180783486, -0.884949581656
610.56, 0.0506171078535, 13.7064026118, 24.4510696059, -0.89510119688
611.56, 0.0405650445421, 14.267048901, 24.5370429762, -0.91355369894
612.56, 0.0360005601147, 14.5912316204, 24.6082466049, -0.926586972577
613.56, 0.0343625616921, 14.7200430324, 24.6111968367, -0.934547293669
614.56, 0.0344614608908, 14.7349184346, 24.5680371597, -0.939543198279
615.56, 0.0384491356936, 14.5160046771, 24.3686018399, -0.938241957179
616.56, 0.0518304600455, 13.9398612036, 23.9408158217, -0.93365503606
617.56, 0.0794709507043, 13.2321640898, 23.459659585, -0.924346509648
618.56, 0.132512777274, 12.5723525986, 22.959493819, -0.906107451775
619.56, 0.221512141669, 12.075532971, 22.4433392714, -0.899808175673
620.56, 0.313708896494, 11.7832930876, 22.0180090498, -0.915088038406
621.56, 0.335282844065, 11.7061546168, 21.7420060735, -0.929063549096
622.56, 0.313040713352, 11.7369997401, 21.5836413807, -0.937150479634
623.56, 0.297260100976, 11.766198832, 21.5088724536, -0.941753313357
624.56, 0.384493532537, 11.5295224754, 21.4916617152, -0.945436581148
625.56, 0.913582274353, 10.9478507762, 21.5616577753, -0.9365400486
626.56, 5.8868929928, 10.2805483252, 21.7077751707, -0.924064632578
627.56, 5.3167158323, 9.59615144434, 21.8695036158, -0.910763949136
628.56, 0.830237407943, 8.907319075, 21.9895267424, -0.897953619405
629.56, 0.307754616219, 8.20154460343, 22.0434557577, -0.885930796867
630.56, 0.158528933126, 7.49177794539, 22.0438860213, -0.877963432547
631.56, 0.0985603774858, 6.81760831771, 21.9425917748, -0.876904456912
632.56, 0.0667754299106, 6.14294891492, 21.7087932705, -0.882001282966
633.56, 0.0468622638384, 5.41266604497, 21.4675462383, -0.890494502562
634.56, 0.0341274509095, 4.63346143458, 21.2984292385, -0.900064582387
635.56, 0.0258344401308, 3.82763719201, 21.2242023225, -0.910031383526
636.56, 0.0202529324638, 3.01413172043, 21.2472368122, -0.919019831668
637.56, 0.0174752370616, 2.47789710279, 21.0354340614, -0.913728624674
638.56, 0.0157610710979, 2.1875782006, 20.4491597344, -0.908214030174
639.56, 0.0138145539756, 1.77613275125, 19.8211861651, -0.909426910957
640.56, 0.0117046853688, 1.20477947747, 19.1587924471, -0.913354062939
641.56, 0.0102908424911, 0.769531609279, 18.5408920675, -0.917541788069
642.56, 0.00977238982479, 0.615110570536, 18.2254318094, -0.92516588051
643.56, 0.00981576998556, 0.66499947316, 18.1620247034, -0.932260391692
644.56, 0.0100507970818, 0.781150820646, 18.2105875036, -0.937320397113
645.56, 0.0107067425677, 1.07966013892, 18.2820960533, -0.938227668539
646.56, 0.0120938689158, 1.68313161661, 18.3244130216, -0.920714970008
647.56, 0.0139013908966, 2.37062726458, 18.3719864904, -0.89909927318
648.56, 0.0164866248679, 3.07261209582, 18.443077658, -0.878226169291
649.56, 0.019696181845, 3.77999364818, 18.5268458984, -0.858638333804
650.56, 0.0237251186594, 4.48033758609, 18.5857172864, -0.840561076145
651.56, 0.0284076545198, 5.16833765806, 18.5609282184, -0.827941496977
652.56, 0.0335137623931, 5.83203280581, 18.4730465143, -0.835267891308
653.56, 0.0373215344098, 6.35017480414, 18.3319380445, -0.864796749969
654.56, 0.0389778115047, 6.65561287898, 18.1974940307, -0.892087163123
655.56, 0.0397303788071, 6.79454911857, 18.1416471114, -0.911374628401
656.56, 0.0402715931486, 6.83201431816, 18.1564895723, -0.924887844427
657.56, 0.042916751729, 6.81953789952, 18.3898950612, -0.938593819535
658.56, 0.0494807641595, 6.76517980965, 18.9012887692, -0.940241750991
659.56, 0.0559367102081, 6.70803354364, 19.3473488977, -0.938792438632
660.56, 0.0602347623239, 6.71637979522, 19.5883885726, -0.939355594594
661.56, 0.0635082606441, 6.77798951061, 19.6845936223, -0.9406297115
662.56, 0.0656280511604, 6.83359892866, 19.7219163785, -0.941721308749
663.56, 0.0592005940357, 6.60761971615, 19.6806307019, -0.936719176622
664.56, 0.044898822472, 5.9774850087, 19.5332762675, -0.916656146732
665.56, 0.0343789783822, 5.24786220903, 19.3765363064, -0.890911096269
666.56, 0.0267976666687, 4.51446220199, 19.235835872, -0.866721747937
667.56, 0.0213651229407, 3.78872101825, 19.1362236671, -0.844912133768
668.56, 0.0177273696183, 3.07817854449, 19.090046026, -0.825346913617
669.56, 0.0153000795733, 2.40210151066, 19.1601871721, -0.8112603558
670.56, 0.0133410444298, 1.7699869475, 19.318391876, -0.819685891025
671.56, 0.0121893064806, 1.28715405012, 19.5293759719, -0.85352732128
672.56, 0.0116293390217, 1.00488324645, 19.7173601972, -0.884479923475
673.56, 0.0113464189156, 0.873263702395, 19.8028529256, -0.90638628428
674.56, 0.0112523101812, 0.834055008626, 19.7977351346, -0.921761707903
675.56, 0.0113129718054, 0.818523475429, 19.9774571228, -0.937449380587
676.56, 0.0114207624285, 0.757384621161, 20.5403316969, -0.942921625171
677.56, 0.0114413068896, 0.699524135664, 21.0531370382, -0.943242199457
678.56, 0.011484619686, 0.697383734952, 21.2945469294, -0.943934685025
679.56, 0.011612524181, 0.745058449053, 21.3240278798, -0.944859737684
680.56, 0.0124089759757, 1.05097529391, 21.2936120491, -0.947086327892
681.56, 0.0143083144296, 1.67349341377, 21.2551810323, -0.937015987373
682.56, 0.0169426631467, 2.35967448748, 21.1985789649, -0.924180308515
683.56, 0.0204276089432, 3.05488975805, 21.1568088418, -0.911525313361
684.56, 0.0252204207756, 3.76078758324, 21.1558630797, -0.899649007065
685.56, 0.0321359188774, 4.48169797286, 21.1909635128, -0.892153737527
686.56, 0.0417872866774, 5.21150112651, 21.2002507298, -0.890905551333
687.56, 0.0574849592334, 5.90439555584, 21.2171979086, -0.904606850589
688.56, 0.075833864903, 6.43784799775, 21.2990040456, -0.920009147634
689.56, 0.0897346038074, 6.72684805184, 21.347623682, -0.930326175987
690.56, 0.0947859586298, 6.82249365881, 21.3295364728, -0.936612693351
691.56, 0.0937186516082, 6.81475931721, 21.2782274024, -0.940664343992
692.56, 0.0930536219996, 6.77486510722, 21.41490892, -0.94837341444
693.56, 0.0977003033816, 6.80203467879, 21.9247871036, -0.947620848024
694.56, 0.101952772966, 6.89724050252, 22.4221676359, -0.944134318474
695.56, 0.101933910799, 6.94794674724, 22.7014694853, -0.943524533709
696.56, 0.0994928879576, 6.92858833857, 22.7837514326, -0.944019865028
697.56, 0.0969202110235, 6.87723953759, 22.7610752858, -0.944731253828
698.56, 0.0815234309501, 6.57830051367, 22.7451414856, -0.943884995698
699.56, 0.0593395788802, 5.9607907895, 22.729140585, -0.927187549391
700.56, 0.0444509956313, 5.27157170564, 22.6736807584, -0.908436371855
701.56, 0.0335446318863, 4.57607709157, 22.6164563248, -0.890131609432
702.56, 0.0264304989832, 3.87891327067, 22.5925873059, -0.872658364149
703.56, 0.0212424261404, 3.16815489399, 22.6179339798, -0.859813999163
704.56, 0.0175296554984, 2.44029813707, 22.6556705413, -0.853030810319
705.56, 0.0146761232409, 1.74321050445, 22.6887332516, -0.865227302946
706.56, 0.0128610074845, 1.21680936778, 22.7729363952, -0.888027503749
707.56, 0.0120472615187, 0.927688601444, 22.8313272492, -0.907930535724
708.56, 0.0117738676569, 0.821317326212, 22.8243372777, -0.921832781489
709.56, 0.0117702093588, 0.815878179071, 22.7793965632, -0.93141902204
710.56, 0.0118060379486, 0.845173044804, 22.9425890537, -0.944407028001
711.56, 0.0115616271485, 0.81589945748, 23.4637924855, -0.948768988992
712.56, 0.0111753796088, 0.736461274737, 23.9505123878, -0.948027505258
713.56, 0.010953182323, 0.704045047465, 24.2090911328, -0.947032192257
714.56, 0.0109858263267, 0.73507239726, 24.2769787959, -0.946484465656
715.56, 0.0116099328358, 1.02940534572, 24.281578118, -0.947931079076
716.56, 0.0133299320066, 1.63861780383, 24.2588983375, -0.938328167335
717.56, 0.0157033147913, 2.32613749263, 24.1879436312, -0.925439524003
718.56, 0.0188197467726, 3.02378953225, 24.1119782935, -0.912176565648
719.56, 0.022863493344, 3.72117806226, 24.0746425313, -0.89949333792
720.56, 0.0282302041048, 4.43000439518, 24.0942517299, -0.889044693918
721.56, 0.0356672310954, 5.15642409157, 24.1362024406, -0.884453289685
722.56, 0.0451459563262, 5.85738719926, 24.1734808968, -0.896313662148
723.56, 0.0551485756586, 6.39284683079, 24.2614122054, -0.914586676841
724.56, 0.0608944393818, 6.69166490051, 24.326675557, -0.927213369356
725.56, 0.0640449635303, 6.80550909412, 24.3248678459, -0.934826127611
726.56, 0.0651117093906, 6.81534588772, 24.2816056794, -0.939693256526
727.56, 0.0632857819241, 6.62889882383, 24.1055601323, -0.939743025444
728.56, 0.0549587581566, 6.08070073061, 23.6823810495, -0.935584776112
729.56, 0.0440406800731, 5.38743846259, 23.1938234212, -0.926915087901
730.56, 0.0352826861697, 4.72263688854, 22.695407587, -0.908566306106
731.56, 0.0297934325112, 4.21004108379, 22.1757910679, -0.90041412381
732.56, 0.0268042398502, 3.89803721265, 21.7424388575, -0.914893839739
733.56, 0.0258544860619, 3.80330385993, 21.4586175742, -0.928984407622
734.56, 0.0259231154899, 3.82956770356, 21.2946955315, -0.93738093621
735.56, 0.0261056281052, 3.86117981785, 21.2142244608, -0.942037290372
736.56, 0.0246057512982, 3.6647020094, 21.2914664689, -0.946291841109
737.56, 0.0212764998023, 3.15892576295, 21.5572867569, -0.937388457813
738.56, 0.0181247291928, 2.57319687132, 21.8996395768, -0.924097335964
739.56, 0.0154393342571, 1.95628208158, 22.2453558409, -0.91036362623
740.56, 0.0132286424336, 1.32138016626, 22.514605776, -0.898582997261
741.56, 0.0116038138192, 0.7420861474, 22.6791551723, -0.90866365746
742.56, 0.0106254909293, 0.325205129589, 22.7112331139, -0.92390652713
743.56, 0.0101408710534, 0.0932994690579, 22.6810034527, -0.933838554895
744.56, 0.00993670421277, -0.00938958182608, 22.6674215933, -0.939515580127
745.56, 0.00982843072534, -0.0483654377061, 22.8792248357, -0.945609478239
746.56, 0.00973573976286, -0.0308450240495, 23.4465876089, -0.937840933604
747.56, 0.00965595810376, 0.0465051383969, 24.1178786331, -0.925627529193
748.56, 0.00951235313849, 0.141791104607, 24.8168193682, -0.912223068719
749.56, 0.00920515883541, 0.187735073581, 25.5134073297, -0.89919346327
750.56, 0.0087557371993, 0.170057188518, 26.1919562525, -0.897259360983
751.56, 0.00829131520444, 0.0929202432147, 26.7381908455, -0.913712428838
752.56, 0.00794262428547, -0.0119665965121, 27.0653904649, -0.927089588752
753.56, 0.00776700187502, -0.0702766256687, 27.2283076554, -0.935690399146
754.56, 0.00771810902663, -0.0596556479717, 27.3259412201, -0.944380870244
755.56, 0.00817928903129, 0.309206968653, 27.3240538471, -0.945263362852
756.56, 0.00917855405208, 0.908280193365, 27.1269540393, -0.932207387859
757.56, 0.0106036640851, 1.542978988, 26.7726820709, -0.914412994563
758.56, 0.0124739605217, 2.15290019158, 26.3103311892, -0.894785049341
759.56, 0.0148954701978, 2.75884007704, 25.8320540371, -0.875627226355
760.56, 0.0179409244016, 3.43342853797, 25.5494994628, -0.859711627006
761.56, 0.0211104142642, 4.09962134621, 25.5400617441, -0.846770575386
762.56, 0.0229492806175, 4.63425198755, 25.8412678416, -0.833385920063
763.56, 0.0237203743552, 5.15300959865, 26.3161849355, -0.812697234269
764.56, 0.0243275506999, 5.75237306466, 26.7983403191, -0.80187261277
765.56, 0.0250385797223, 6.43378909106, 27.2138188457, -0.808687816182
766.56, 0.0258911645714, 7.17755688703, 27.5341837493, -0.827258890559
767.56, 0.0267966425523, 7.96259846209, 27.7512604846, -0.852181543178
768.56, 0.0278274962511, 8.77076998712, 27.8660105995, -0.879197664563
769.56, 0.028738734401, 9.58741151749, 27.8836251971, -0.905296352317
770.56, 0.0294669290765, 10.4010425856, 27.8112336493, -0.928742108191
771.56, 0.0298969617899, 11.2028985982, 27.6567328528, -0.948782813599
772.56, 0.0299234195401, 11.9868044455, 27.428633102, -0.965485729275
773.56, 0.0284543175565, 12.8174472257, 27.2159135153, -0.983006613019
774.56, 0.0240383323427, 13.8688626148, 27.1606304459, -0.995635285572
775.56, 0.0188408881706, 15.1157851155, 27.186983117, -0.998295772521
776.56, 0.014505630725, 16.4527792398, 27.2249684967, -0.990469327666
777.56, 0.0112400618787, 17.8264301308, 27.2643785643, -0.971866670232
778.56, 0.00891153019015, 19.1739340521, 27.2962488349, -0.946555100592
779.56, 0.00773714787958, 20.057305553, 27.3002594684, -0.933312697699
780.56, 0.00743216855841, 20.3220687014, 27.2915744523, -0.933901376843
781.56, 0.00736005420363, 20.2673992563, 27.5177084476, -0.936987337514
782.56, 0.00710405475257, 20.1650407463, 28.1180608041, -0.922802372132
783.56, 0.00673047124773, 20.1040055318, 28.8174864432, -0.905357553635
784.56, 0.00631491108331, 20.0806400597, 29.5315632859, -0.892261372224
785.56, 0.00591791321555, 20.0519432997, 30.241601846, -0.886341287653
786.56, 0.00552905306516, 20.0579404249, 30.9269173898, -0.896187950987
787.56, 0.00521749018871, 20.1195854767, 31.4713132179, -0.909337378397
788.56, 0.00504921354515, 20.1421824191, 31.7560550367, -0.921444122486
789.56, 0.00502823364813, 20.1038926259, 31.8378621042, -0.930585303715
790.56, 0.0050894141337, 20.0065679325, 31.8158703162, -0.940349156636
791.56, 0.00541119323488, 19.6106096226, 31.6142616342, -0.934583466033
792.56, 0.00596528196103, 19.0535017663, 31.2554505472, -0.913916672018
793.56, 0.00659146350648, 18.396830656, 30.9677849018, -0.893753869628
794.56, 0.00723422616028, 17.7111242293, 30.842983213, -0.8757871803
795.56, 0.00770841449062, 17.0540355437, 30.9283214129, -0.857591009955
796.56, 0.0077820835409, 16.5130068478, 31.2765200205, -0.835048001645
797.56, 0.00767408994916, 15.9501445488, 31.7400101067, -0.8087051647
798.56, 0.00758440482199, 15.3055869676, 32.1812440911, -0.793801425989
799.56, 0.00756059123335, 14.5884918991, 32.5436680674, -0.796053387021
800.56, 0.00760483012423, 13.8198855649, 32.8072945082, -0.811037810156
801.56, 0.00772539937582, 13.019728013, 32.9679860242, -0.83365280368
802.56, 0.00790436888804, 12.2045690795, 33.0287100115, -0.859483753212
803.56, 0.00814045713456, 11.387515597, 32.995674416, -0.885245054573
804.56, 0.00842877480517, 10.5786626029, 32.8764912554, -0.908936202272
805.56, 0.00876451011928, 9.78558909299, 32.6792125199, -0.929600857914
806.56, 0.00914191479341, 9.01363010982, 32.4120380776, -0.946972690358
807.56, 0.00944200718959, 8.21752451337, 32.135651672, -0.967897664343
808.56, 0.00926589923149, 7.20651646942, 32.0059445431, -0.988579446169
809.56, 0.00865817917799, 5.97881138562, 31.9663316058, -1.00131013882
810.56, 0.00784970422062, 4.64900816781, 31.9378169585, -1.00394776097
811.56, 0.00697475226157, 3.27791970757, 31.908978866, -0.993490239807
812.56, 0.00616207042768, 1.89028606503, 31.8797673365, -0.971691191208
813.56, 0.00538159023744, 0.574884865148, 31.8479898205, -0.945389890545
814.56, 0.00498779649655, -0.196915479069, 31.8238451337, -0.934304047622
815.56, 0.0049050867029, -0.370134645753, 31.814588185, -0.935495244503
816.56, 0.00483189339358, -0.276085510011, 32.0676011001, -0.939311465422
817.56, 0.00459770976115, -0.176160556456, 32.6742861861, -0.929548883966
818.56, 0.00431446304772, -0.121435603587, 33.3722593314, -0.917468075846
819.56, 0.00402954833713, -0.0986642106386, 34.0903087235, -0.909516435465
820.56, 0.00377033947161, -0.0606728122013, 34.806347885, -0.90822199484
821.56, 0.0035316699981, -0.0532679133588, 35.4936054219, -0.918881111485
822.56, 0.00333992197531, -0.111068626821, 36.0417046653, -0.929195335475
823.56, 0.00324675356901, -0.137419042888, 36.3345941794, -0.935968127254
824.56, 0.00322425506749, -0.10345510185, 36.4244861885, -0.940393358249
825.56, 0.00324772270453, -0.0122479854932, 36.4104139087, -0.945943857661
826.56, 0.00339259075832, 0.374252475041, 36.2162532896, -0.944217494366
827.56, 0.00363109693616, 0.925366838834, 35.8565785346, -0.930132466422
828.56, 0.00392320945916, 1.57901182988, 35.563668826, -0.915172170255
829.56, 0.00416057058922, 2.26447641378, 35.4351622792, -0.901319089876
830.56, 0.00429134172781, 2.92150164433, 35.5193156079, -0.889356201479
831.56, 0.00425457631633, 3.46380369107, 35.8673312268, -0.87235772718
832.56, 0.004149796461, 4.02940514291, 36.3284310552, -0.845939125815
833.56, 0.00405853232672, 4.67645042549, 36.7656487713, -0.827009822116
834.56, 0.00400290877712, 5.39525571488, 37.1231841225, -0.825834364985
835.56, 0.00397886415152, 6.16467596618, 37.3815729157, -0.840275653299
836.56, 0.00398994531676, 6.96483748233, 37.5370177371, -0.862633171866
837.56, 0.0040310104728, 7.7793419764, 37.5927193351, -0.888029879319
838.56, 0.00409938801525, 8.59523158589, 37.5549971323, -0.913164692168
839.56, 0.00419301050654, 9.4025315438, 37.4314961635, -0.936078384784
840.56, 0.00431033261648, 10.1937570301, 37.2302714112, -0.95586149708
841.56, 0.00445003683176, 10.9636810046, 36.9595385485, -0.972313882749
842.56, 0.00457192910598, 11.7618143331, 36.6840718667, -0.990256798373
843.56, 0.0045533339065, 12.7789335689, 36.5566751187, -1.00604686882
844.56, 0.00440928983037, 14.0100552417, 36.5159624631, -1.01350435343
845.56, 0.0041954733493, 15.341003747, 36.4853609821, -1.01113596298
846.56, 0.00393722030212, 16.7124250729, 36.454398524, -0.997054079146
847.56, 0.00365445843794, 18.1001183707, 36.4230965296, -0.973071508033
848.56, 0.00339581583649, 19.401697273, 36.3900548547, -0.946060590248
849.56, 0.00323355389151, 20.1412867914, 36.3668840289, -0.935189542479
850.56, 0.00320393126792, 20.290361164, 36.3588983089, -0.936175502683
851.56, 0.00315258922098, 20.1872348776, 36.6087666416, -0.938598736324
852.56, 0.00299832321894, 20.0995137428, 37.2155775182, -0.924042921895
853.56, 0.00282007678352, 20.0640865278, 37.9155793496, -0.906350230258
854.56, 0.0026553563257, 20.058162837, 38.6313267139, -0.892730899164
855.56, 0.00248996777591, 20.0403856321, 39.3432776473, -0.885982784477
856.56, 0.00234669483922, 20.0490209193, 40.0315690022, -0.895378474903
857.56, 0.00223340933154, 20.1144586042, 40.5858914401, -0.908763045039
858.56, 0.00217673385942, 20.1418249003, 40.8822950508, -0.921195478526
859.56, 0.00216415963006, 20.1060471857, 40.9719826178, -0.930650715128
860.56, 0.00217595147411, 20.0120552458, 40.9558512689, -0.94063184352
861.56, 0.00224951899498, 19.6227731691, 40.7599989787, -0.935556589184
862.56, 0.00237641330603, 19.070284047, 40.3990472271, -0.914966920293
863.56, 0.0025024026266, 18.4169795169, 40.1044993205, -0.89473278304
864.56, 0.00261207468977, 17.7319121756, 39.9733076131, -0.876742516286
865.56, 0.00265975662512, 17.0736607444, 40.0531872931, -0.858573820258
866.56, 0.00262377412697, 16.5310624252, 40.3969754337, -0.836027326998
867.56, 0.00255557345055, 15.9680299349, 40.8586289066, -0.809363590067
868.56, 0.0024947906663, 15.3234834781, 41.2990497536, -0.793999851702
869.56, 0.00245376735643, 14.6063535856, 41.6609760657, -0.795936959834
870.56, 0.0024294677091, 13.8376774339, 41.9241576102, -0.810751179912
871.56, 0.00242344558815, 13.0374542371, 42.0843647193, -0.833276274195
872.56, 0.00243359016951, 12.2222655539, 42.1445384449, -0.85907260039
873.56, 0.00246041385946, 11.4052396676, 42.1108857658, -0.884833608026
874.56, 0.00249996670464, 10.5964850031, 41.9910271996, -0.908542500361
875.56, 0.00255227434466, 9.80358908336, 41.7930246413, -0.929232302954
876.56, 0.00261664214967, 9.0318921543, 41.5250891034, -0.946628156538
877.56, 0.00267722237436, 8.23768027321, 41.246158769, -0.967471888155
878.56, 0.00268251826662, 7.23019373153, 41.1125662051, -0.988177135643
879.56, 0.0026341398967, 6.00457636128, 41.0700589276, -1.00094315029
880.56, 0.00255866553969, 4.67565541354, 41.0389093644, -1.00369066647
881.56, 0.00246242406065, 3.30495822879, 41.0073739832, -0.993362049344
882.56, 0.00235076073775, 1.91751782882, 40.9754284822, -0.971664140252
883.56, 0.0022366027954, 0.600706633942, 40.9408805754, -0.94536717444
884.56, 0.00216779741014, -0.174704601673, 40.914776651, -0.934202918375
885.56, 0.00215258144893, -0.350860529774, 40.9053963001, -0.935402561059
886.56, 0.00211390433467, -0.263232664445, 41.1760431264, -0.93892966429
887.56, 0.002020206372, -0.167337367758, 41.7893693606, -0.928972788771
888.56, 0.00191523311114, -0.114235841112, 42.4896311433, -0.916921114444
889.56, 0.00181285218198, -0.0913839767321, 43.2078449074, -0.909233563191
890.56, 0.00171906328872, -0.0541426493479, 43.9230013024, -0.90846578901
891.56, 0.00163759190719, -0.0534772276225, 44.6069746077, -0.919440952665
892.56, 0.00156756236166, -0.113539483152, 45.1439949906, -0.929515511025
893.56, 0.0015349466961, -0.137551943738, 45.4246533061, -0.936129078473
894.56, 0.00152766292576, -0.101525636548, 45.5063883832, -0.940424365709
895.56, 0.00153387131305, -0.0131964949404, 45.4878292114, -0.945696821426
896.56, 0.00157342976981, 0.364751850475, 45.296205323, -0.944546543548
897.56, 0.00164264969876, 0.914620472917, 44.939563853, -0.930637474782
898.56, 0.00171214131491, 1.56831968537, 44.6486998085, -0.915722145207
899.56, 0.00176301441917, 2.25384362573, 44.5210516901, -0.90187971913
900.56, 0.00178171925731, 2.91120735001, 44.6051443359, -0.889916459924
901.56, 0.00175526682117, 3.45347967503, 44.9530143675, -0.872891781913
902.56, 0.00171222985246, 4.018663926, 45.4143920492, -0.846373435368
903.56, 0.00167388833821, 4.66529812686, 45.8520970038, -0.827260203584
904.56, 0.00164616219605, 5.38378953717, 46.2102012589, -0.825901882807
905.56, 0.00162981755531, 6.15300065938, 46.4691781888, -0.840239877942
906.56, 0.00162415917337, 6.95304597915, 46.6251979671, -0.862537070667
907.56, 0.00162779395694, 7.76751163482, 46.6814450221, -0.887897886139
908.56, 0.00164108662235, 8.58342465581, 46.6442306366, -0.913012686913
909.56, 0.00166205638922, 9.39079678961, 46.5211963064, -0.935915917924
910.56, 0.00169056921512, 10.1821308402, 46.3203949539, -0.95569377824
911.56, 0.00172618539877, 10.9521892551, 46.0500438328, -0.972141750175
912.56, 0.00175966464889, 11.750041497, 45.7745106423, -0.990056024287
913.56, 0.00176421010439, 12.7663630853, 45.6468414891, -1.00583852741
914.56, 0.00174583491225, 13.9969797185, 45.6062450964, -1.01327442464
915.56, 0.00171171998911, 15.3277222953, 45.5758978175, -1.0108850106
916.56, 0.00166874140933, 16.6990637322, 45.5452024032, -0.996810432352
917.56, 0.00161730624674, 18.0867284791, 45.5141695917, -0.972843773838
918.56, 0.00156375974675, 19.386822541, 45.4812490577, -0.945882715394
919.56, 0.00153194132243, 20.1231495224, 45.4581360852, -0.93510535969
920.56, 0.00152584963443, 20.2698022111, 45.4499393376, -0.93612511353
921.56, 0.00150969180103, 20.1541869162, 45.6490092973, -0.939175580863
922.56, 0.00145205576143, 20.0634366082, 46.236346192, -0.925477552066
923.56, 0.00138443369135, 20.0346494574, 46.9321943124, -0.907783953426
924.56, 0.00131841186508, 20.0384382472, 47.6457953394, -0.893893900823
925.56, 0.0012573618732, 20.0326359822, 48.3562013748, -0.886633464997
926.56, 0.00120121475595, 20.0437938141, 49.048138584, -0.895067333999
927.56, 0.00115597565295, 20.1123025742, 49.6188887216, -0.908102314763
928.56, 0.00113226493506, 20.1446580148, 49.9332258805, -0.920440633568
929.56, 0.00112592446776, 20.1113981272, 50.0341536338, -0.929979129251
930.56, 0.00112812510243, 20.0357864189, 50.030443114, -0.93866405588
931.56, 0.00114608398416, 19.7343137627, 49.8886382958, -0.941732307739
932.56, 0.00118585308509, 19.2171942983, 49.5374685811, -0.922968282624
933.56, 0.00122877068751, 18.5899215065, 49.2034040212, -0.902251000583
934.56, 0.00125934615839, 17.9088962591, 49.0325841443, -0.883991974104
935.56, 0.0012725996135, 17.2436085981, 49.0796102807, -0.866040398691
936.56, 0.00125696410666, 16.6962058524, 49.3989789604, -0.843652153243
937.56, 0.00122875971924, 16.1423553095, 49.8579563591, -0.814258651111
938.56, 0.00120249048928, 15.5079338029, 50.3059701142, -0.794744050571
939.56, 0.0011826100956, 14.7986668104, 50.6795655662, -0.793723280759
940.56, 0.00116992476771, 14.0352661145, 50.9557459695, -0.807077273006
941.56, 0.00116412484893, 13.2380315296, 51.129028622, -0.829014795168
942.56, 0.00116463260833, 12.4239490133, 51.2017683027, -0.854822367527
943.56, 0.00117087605825, 11.6065273478, 51.1798947575, -0.880949869196
944.56, 0.0011823676502, 10.7962051858, 51.0709079793, -0.905188691814
945.56, 0.00119779160329, 10.0008482861, 50.8828323363, -0.926448696163
946.56, 0.00121961804884, 9.2260421806, 50.6238838383, -0.944381269105
947.56, 0.00124145019155, 8.4424347474, 50.3387068289, -0.964676996374
948.56, 0.00124817764741, 7.46282718457, 50.1909662034, -0.986321487264
949.56, 0.00124024016542, 6.2544059931, 50.1472196431, -1.00023790105
950.56, 0.00122494658408, 4.93250917096, 50.1190797025, -1.0046181417
951.56, 0.0012040800476, 3.56458734107, 50.0908350746, -0.995928224868
952.56, 0.00117831787569, 2.17820858487, 50.062188133, -0.975434532103
953.56, 0.00114955555327, 0.828313249105, 50.031748566, -0.948547297093
954.56, 0.00112960878828, -0.0438645988739, 50.0067624459, -0.934611181598
955.56, 0.00112413222232, -0.283345233096, 49.9968504299, -0.934834820179
956.56, 0.00112732688325, -0.161229035904, 49.996423837, -0.938068428281
957.56, 0.00113183139984, 0.0198817426446, 49.9985273729, -0.940647138333
958.56, 0.00113420169606, 0.119218664732, 49.9998678533, -0.942611305419
959.56, 0.00113465854006, 0.135477902417, 50.0001871696, -0.944026016528
960.56, 0.00113408844311, 0.112598201666, 50.0000303436, -0.944947219964
961.56, 0.00113349921888, 0.0888975743173, 49.9998373424, -0.945521235317
962.56, 0.00113323344303, 0.0782042699311, 49.999745669, -0.945877340104
963.56, 0.00113322905204, 0.0779865928219, 49.9997300144, -0.946096667926
