# Time, Sensor_reading, x, y, z
36.06, 0.010474244178, -2.33908874673e-05, 5.94920196831e-16, -0.134624798344
36.06, 0.010474244178, -2.33908874673e-05, 5.94920196831e-16, -0.134624798344
37.06, 0.010474244178, -2.33908875669e-05, 5.26013577571e-16, -0.134624798344
38.06, 0.010474244178, -2.33908877972e-05, 4.33859492136e-16, -0.134624798344
39.06, 0.010474244178, -2.33908879438e-05, 3.39422497626e-16, -0.134624798344
40.06, 0.010474244178, -2.3390887978e-05, 2.87677470426e-16, -0.134624798344
41.06, 0.010474244178, -2.33908879531e-05, 2.29131830256e-16, -0.134624798344
42.06, 0.010474244178, -2.33908879189e-05, 1.97304577894e-16, -0.134624798344
43.06, 0.0105137471957, 0.106831475007, -4.35365307754e-05, -0.142188517116
44.06, 0.0108546497221, 0.846349720821, -0.000429012776878, -0.151167518396
45.06, 0.0113559675479, 1.97664644443, -0.000841770135763, -0.165064189438
46.06, 0.0118790144058, 3.26746015048, -0.00125524688474, -0.183622295283
47.06, 0.0124396736762, 4.62342806661, -0.0016686328104, -0.20507739831
48.06, 0.0128936630079, 5.94806298567, -0.00133298159239, -0.231032776327
49.06, 0.0132045208259, 7.10347599463, -0.000629710517604, -0.267007695009
50.06, 0.0134250234271, 8.11123636543, -0.000157599468614, -0.31083197613
51.06, 0.013572719922, 9.06198126763, 4.23809789888e-05, -0.357303766151
52.06, 0.0136441115866, 10.0199176595, 8.3038528509e-05, -0.403178296115
53.06, 0.0136454047849, 11.0036598252, 6.5446580514e-05, -0.447599392655
54.06, 0.0135667864652, 12.0049437937, 4.33642116761e-05, -0.49100163182
55.06, 0.0134155331044, 13.0113692714, 3.0154403844e-05, -0.534058890568
56.06, 0.0131966087506, 14.015490063, 2.30031484449e-05, -0.577162965254
57.06, 0.0129187860029, 15.0159370858, 1.81838351605e-05, -0.620403822792
58.06, 0.0125911662843, 16.0143087127, 1.35941264459e-05, -0.663718974597
59.06, 0.0122421329056, 17.0123409962, 9.1886313245e-06, -0.707033038231
60.06, 0.0118231371883, 18.0108374683, 5.60894677303e-06, -0.750312544606
61.06, 0.0114007881517, 19.0098191526, 3.19100694289e-06, -0.793560264153
62.06, 0.0110430162934, 19.8618620872, 0.000340857153816, -0.835111900756
63.06, 0.010862818076, 20.2396221472, 0.000731980890443, -0.87270354175
64.06, 0.011009268608, 20.2588416751, 0.175972328679, -0.887144188457
65.06, 0.0114577846025, 20.1047007002, 0.613178167194, -0.881459638817
66.06, 0.01204363645, 20.0127916126, 1.13312965674, -0.884981908794
67.06, 0.0125857207342, 20.0350215608, 1.66212693777, -0.898906633061
68.06, 0.0129466590227, 20.091869242, 2.02179975356, -0.913844667664
69.06, 0.013120748973, 20.1017399295, 2.18725620424, -0.925593862755
70.06, 0.0132488266761, 20.0386170439, 2.25710112931, -0.937881150245
71.06, 0.0134500370664, 19.6306893161, 2.20160610182, -0.932597717547
72.06, 0.0136300211364, 19.0217687727, 2.03040350893, -0.913159395545
73.06, 0.0138321385088, 18.3420379728, 1.86149530632, -0.893027197347
74.06, 0.0140767439736, 17.642521919, 1.73784230898, -0.874344031291
75.06, 0.0144013445633, 16.9485241721, 1.69368440154, -0.85644045694
76.06, 0.0148440390577, 16.2502720773, 1.74226535822, -0.838544087383
77.06, 0.0153864019615, 15.5614312073, 1.86430754982, -0.824121024528
78.06, 0.0161166841446, 14.932024834, 2.1125411934, -0.817829681414
79.06, 0.0170512222266, 14.3054124657, 2.48094345472, -0.819071740681
80.06, 0.0181627432198, 13.6144108282, 2.83825502251, -0.825595647593
81.06, 0.0190778290881, 12.8637941704, 3.12028048529, -0.83574569614
82.06, 0.0198507280449, 12.0737927016, 3.30684911718, -0.848118059732
83.06, 0.0202494570285, 11.2629739376, 3.39495427029, -0.861687515311
84.06, 0.0203108062724, 10.4460492019, 3.38850844532, -0.875797333916
85.06, 0.0200063314085, 9.6342358948, 3.29423774594, -0.890056173667
86.06, 0.019399049573, 8.83591485355, 3.11987895432, -0.904242722949
87.06, 0.0185656436577, 8.05707404474, 2.8735234047, -0.9182365329
88.06, 0.0176862768347, 7.27382182844, 2.59493163966, -0.937613635365
89.06, 0.0169000211583, 6.32638302581, 2.42893892029, -0.961178363052
90.06, 0.0161164781881, 5.15462282231, 2.37292641254, -0.975664428731
91.06, 0.0152640360134, 3.84935870234, 2.34709415274, -0.978254843366
92.06, 0.0143248637631, 2.48819775547, 2.32283756069, -0.967843883295
93.06, 0.0134042457199, 1.11475313192, 2.29315012041, -0.946663970127
94.06, 0.0125910931548, 0.06514972063, 2.23490727942, -0.930761553178
95.06, 0.0122732447913, -0.357476668633, 2.19362080965, -0.930366680623
96.06, 0.0123904203674, -0.367720861451, 2.33825724528, -0.933082706492
97.06, 0.0129595699969, -0.191968031036, 2.78243532091, -0.932239406556
98.06, 0.0136646355872, -0.052622273647, 3.32075370429, -0.935244181332
99.06, 0.0143405723559, -0.0344547378609, 3.84628876385, -0.940810859334
100.06, 0.0147361641574, -0.0766548124747, 4.19435308216, -0.943983193
101.06, 0.0149274674567, -0.0898685250599, 4.36010735812, -0.945604292135
102.06, 0.0150775222887, -0.0485581470123, 4.43946560719, -0.947502252623
103.06, 0.0153501306703, 0.316418646591, 4.38900599645, -0.943455844456
104.06, 0.0156831045996, 0.908856674644, 4.20379273818, -0.930936270925
105.06, 0.0160595642469, 1.58331436384, 4.02145542824, -0.917111766942
106.06, 0.01648542606, 2.28283764479, 3.88914409045, -0.903114227087
107.06, 0.0170734891302, 2.97711262353, 3.84011956838, -0.890007112801
108.06, 0.0178075457314, 3.67460046077, 3.88752423417, -0.877936585985
109.06, 0.0186983190799, 4.3628472986, 4.01180700419, -0.86872111806
110.06, 0.0198563499247, 4.99043568252, 4.26376197494, -0.865767733979
111.06, 0.0214134890956, 5.61400486691, 4.63658766544, -0.868130599984
112.06, 0.0231642060395, 6.30213037714, 4.99810128994, -0.872469118143
113.06, 0.0247898306629, 7.05037326832, 5.28408284665, -0.878704737941
114.06, 0.0262475554315, 7.83854472954, 5.47436506054, -0.887411511374
115.06, 0.0272495615017, 8.6480307767, 5.5659145611, -0.898543258091
116.06, 0.0276584151625, 9.4640411899, 5.56263402541, -0.911556729371
117.06, 0.0274090129251, 10.2752710712, 5.47125025094, -0.924977784895
118.06, 0.0265961135103, 11.0732667971, 5.29951009696, -0.938105729665
119.06, 0.025432554693, 11.8520055125, 5.05555249582, -0.950795089034
120.06, 0.0239453134928, 12.6300462209, 4.77341690787, -0.966192561024
121.06, 0.0227584628503, 13.5646342725, 4.59965473081, -0.983229664435
122.06, 0.0216388038481, 14.7274585375, 4.54098119963, -0.992159274484
123.06, 0.0203463827607, 16.0286546257, 4.51484292399, -0.989889162309
124.06, 0.0189154743095, 17.3880474085, 4.49054635996, -0.976135248122
125.06, 0.0174468143445, 18.7647092053, 4.46259768226, -0.952846855879
126.06, 0.0163064527395, 19.8528563145, 4.40752510628, -0.934354932718
127.06, 0.0157534633311, 20.3164517601, 4.36739215151, -0.932064132566
128.06, 0.015930516404, 20.3497481604, 4.51250115866, -0.93167131466
129.06, 0.0167806088508, 20.1747112833, 4.95637928646, -0.924766611488
130.06, 0.0178195748853, 20.0345934436, 5.49546178306, -0.922672355408
131.06, 0.0187551581402, 20.0233833529, 6.02095868125, -0.926307111968
132.06, 0.0193261366171, 20.0729491941, 6.3686264784, -0.931814422303
133.06, 0.0196132553802, 20.0902258756, 6.53420748581, -0.937106098117
134.06, 0.0198410436444, 20.0360771722, 6.61096599885, -0.943324716627
135.06, 0.0203299572352, 19.630238406, 6.54809542815, -0.934134798686
136.06, 0.020829839245, 19.0231355104, 6.36133398475, -0.913702144788
137.06, 0.0214748555729, 18.3443241989, 6.18186024922, -0.893180060714
138.06, 0.0222012452433, 17.6432940632, 6.05074039891, -0.874279683003
139.06, 0.0230941916428, 16.948924642, 5.99889107221, -0.85632829238
140.06, 0.0242523368814, 16.253061113, 6.04080382173, -0.838686169642
141.06, 0.0256778634437, 15.5610528464, 6.15895658818, -0.824997135746
142.06, 0.0275103954561, 14.9261069382, 6.39133004714, -0.819199742378
143.06, 0.0300655298519, 14.308529384, 6.75756864677, -0.820945814862
144.06, 0.0329284920455, 13.6297222334, 7.12732321469, -0.827842619922
145.06, 0.0361569408978, 12.8882012204, 7.42690637686, -0.838268628683
146.06, 0.0388342579407, 12.1037221592, 7.63222580673, -0.85083086431
147.06, 0.0405787538974, 11.2954064743, 7.73864992281, -0.864499584659
148.06, 0.0412047278985, 10.4786076254, 7.74939913311, -0.8786146416
149.06, 0.0404114985905, 9.66510388131, 7.67091884969, -0.892787835394
150.06, 0.0384684104209, 8.86373337049, 7.51087647153, -0.906804544105
151.06, 0.0359252020334, 8.08089844102, 7.27732767864, -0.920554138795
152.06, 0.032967582203, 7.30807989816, 6.99351157902, -0.937479352158
153.06, 0.0303705492473, 6.40373323777, 6.79992044181, -0.959681412296
154.06, 0.0279546340091, 5.26935930064, 6.729705798, -0.974362373607
155.06, 0.0254035142497, 3.98163113974, 6.70200541701, -0.977542954123
156.06, 0.0227077122428, 2.62758898524, 6.67773560583, -0.968265563363
157.06, 0.0203052103832, 1.25246923338, 6.64962289783, -0.947943885248
158.06, 0.0185083630204, 0.156376498783, 6.58980437222, -0.930962263908
159.06, 0.0177610283966, -0.317038148279, 6.54544462805, -0.929696921537
160.06, 0.0179575536746, -0.349220228226, 6.70159929094, -0.931328780202
161.06, 0.0189421551159, -0.170891945029, 7.14652051996, -0.930554618446
162.06, 0.0201019314869, -0.0317791602444, 7.68307151907, -0.934019480605
163.06, 0.0210298935512, -0.0232615635817, 8.20141322879, -0.939817712322
164.06, 0.0216046027137, -0.0719513220539, 8.53656864329, -0.943086259234
165.06, 0.0218729116388, -0.0871980993032, 8.69322613487, -0.944922982174
166.06, 0.0221266477173, -0.0317748744755, 8.76347179497, -0.947461743479
167.06, 0.0228967322135, 0.37531503149, 8.70450701405, -0.942666668263
168.06, 0.0238324201924, 0.98389890702, 8.52681278795, -0.929913664651
169.06, 0.0250672715411, 1.66367741173, 8.35386833536, -0.916051933652
170.06, 0.0264460767453, 2.36495266888, 8.22646296595, -0.902041890941
171.06, 0.0280050761587, 3.059691986, 8.17664851988, -0.888890693267
172.06, 0.0301864564497, 3.75635612985, 8.21914611659, -0.87676628173
173.06, 0.0327720441366, 4.44910396386, 8.33658831061, -0.867243615433
174.06, 0.0358703049658, 5.08542589645, 8.56730803723, -0.863950296345
175.06, 0.0406938156793, 5.70478245073, 8.93107406761, -0.866350295797
176.06, 0.0466383975665, 6.38497101123, 9.29754318321, -0.871187517141
177.06, 0.0535087202718, 7.12721626679, 9.5933731451, -0.877624297361
178.06, 0.0605218830804, 7.91176714163, 9.79484745644, -0.88629453056
179.06, 0.0662853665134, 8.71960077521, 9.8975673642, -0.897268296792
180.06, 0.0691044635344, 9.53548066367, 9.90487947426, -0.910149149379
181.06, 0.0680401228925, 10.3477340654, 9.82327777683, -0.923554078706
182.06, 0.0636810310241, 11.1476148846, 9.6604365759, -0.93668897273
183.06, 0.057557721492, 11.9288296145, 9.42445136732, -0.949386122803
184.06, 0.0511944994306, 12.7027313519, 9.14172419887, -0.964197639216
185.06, 0.045907399336, 13.6157623125, 8.95516722045, -0.981212325314
186.06, 0.0411032225458, 14.7586366064, 8.89001497209, -0.99074591311
187.06, 0.0363153842264, 16.0504429528, 8.8643563279, -0.988987099355
188.06, 0.0318050554067, 17.4060325229, 8.84161597918, -0.975807136222
189.06, 0.0277890448807, 18.7820633066, 8.8154360401, -0.952954142922
190.06, 0.0248937096916, 19.8814249111, 8.75982253373, -0.934341365738
191.06, 0.0237116779137, 20.3582462104, 8.71836930163, -0.931888516333
192.06, 0.0239313330929, 20.3919191443, 8.86869400324, -0.930995146961
193.06, 0.025486691929, 20.206598399, 9.30994135724, -0.924149752738
194.06, 0.0272998596858, 20.0517078986, 9.84690703325, -0.922278820965
195.06, 0.0288166022171, 20.0277205301, 10.3656051968, -0.926062645803
196.06, 0.0296532803217, 20.0698992302, 10.7027514314, -0.931575376226
197.06, 0.0300533146262, 20.0850966989, 10.8626209529, -0.936705904665
198.06, 0.0304916939219, 20.0265457968, 10.9360403257, -0.942822823603
199.06, 0.0317975710981, 19.6104259565, 10.8750853143, -0.933083886419
200.06, 0.0334976981993, 18.9990547255, 10.6973819073, -0.912740380916
201.06, 0.0355534807257, 18.3185578418, 10.5254667767, -0.892361272563
202.06, 0.037991446335, 17.6178001686, 10.3996257387, -0.873555141331
203.06, 0.0409664872378, 16.9235534485, 10.3521748756, -0.855622876098
204.06, 0.044822791058, 16.2267511595, 10.3973381328, -0.83806021053
205.06, 0.0494668818911, 15.5353161466, 10.5166944741, -0.82470489878
206.06, 0.0562452082706, 14.9016947322, 10.753074715, -0.819325015344
207.06, 0.0652608273099, 14.2811756253, 11.1194731209, -0.821388396921
208.06, 0.0785418367886, 13.5984597827, 11.4850806526, -0.82850424913
209.06, 0.0965317796466, 12.8540069836, 11.7790072453, -0.83905578976
210.06, 0.12109672134, 12.0677350141, 11.9783538603, -0.851661270226
211.06, 0.146852814032, 11.2585897924, 12.0789861053, -0.865315066192
212.06, 0.162823846838, 10.4417164247, 12.0843415748, -0.879379084358
213.06, 0.155619450094, 9.62870870078, 12.0009549343, -0.893480597015
214.06, 0.132456553189, 8.82825186915, 11.8365089674, -0.90741658095
215.06, 0.104614593759, 8.04661156589, 11.5990617679, -0.921083343472
216.06, 0.0834413563635, 7.27071184856, 11.3168611312, -0.93861410799
217.06, 0.0679828225713, 6.35137309461, 11.1337841439, -0.960807713611
218.06, 0.0560712596809, 5.20342012757, 11.0698453846, -0.974946360752
219.06, 0.045250269606, 3.90919737082, 11.0439710924, -0.977519872668
220.06, 0.0372107254589, 2.55251124602, 11.0208150309, -0.967562694001
221.06, 0.0310187964038, 1.1790874991, 10.9927137665, -0.946806720405
222.06, 0.027234815768, 0.11048186656, 10.9336505358, -0.93055019686
223.06, 0.0256820509909, -0.32541265463, 10.8906043019, -0.92998129315
224.06, 0.0254766463665, -0.379476879249, 10.8672777139, -0.935273969325
225.06, 0.0264049871408, -0.261986711697, 11.1827967077, -0.940782598792
226.06, 0.028223677772, -0.109743017994, 11.7590424156, -0.942538679524
227.06, 0.0298923977566, -0.0157569313915, 12.3520622549, -0.946895541451
228.06, 0.0307426875002, -0.0311838621045, 12.7689183819, -0.949013408365
229.06, 0.0311162065764, -0.0664843943772, 12.99673586, -0.949021909044
230.06, 0.0314272276369, -0.072564265769, 13.1504202292, -0.948472752937
231.06, 0.0321197399093, 0.0277969374042, 13.2585497595, -0.946935078093
232.06, 0.0339409201281, 0.482639503771, 13.1464357755, -0.936875624284
233.06, 0.0359761178099, 1.06585038358, 12.8289574876, -0.921201512471
234.06, 0.0385451892819, 1.71953533215, 12.5234547158, -0.905369439508
235.06, 0.0420308427648, 2.41543516447, 12.3311009394, -0.890594866105
236.06, 0.0463533285304, 3.10752794551, 12.2739158676, -0.877274159034
237.06, 0.0528679252871, 3.79812863977, 12.3488385936, -0.865528936974
238.06, 0.0611227466503, 4.4455232611, 12.5424060836, -0.858673041678
239.06, 0.0727143401915, 5.02983988418, 12.9069552723, -0.858195316661
240.06, 0.0903033651885, 5.6574618848, 13.3259195139, -0.861925941496
241.06, 0.118077374386, 6.35755145283, 13.69478161, -0.867964149402
242.06, 0.165978922897, 7.11431025695, 13.9749476018, -0.876772817623
243.06, 0.25658780382, 7.90725702323, 14.1554255657, -0.88840439242
244.06, 0.522631024734, 8.71881962114, 14.2365624157, -0.902302963733
245.06, 1.29000872917, 9.53509553408, 14.2234889135, -0.916979864562
246.06, 1.2506132691, 10.3454158796, 14.1233658, -0.931546720666
247.06, 0.50975707523, 11.1417628581, 13.9440450626, -0.945726678487
248.06, 0.25634930188, 11.9184537298, 13.6936738114, -0.959432660402
249.06, 0.168796840875, 12.7002775253, 13.4127214964, -0.975152328566
250.06, 0.118693047854, 13.6601846894, 13.2574115778, -0.989815342475
251.06, 0.0892096817917, 14.8461404662, 13.2110170387, -0.996051381474
252.06, 0.0700015069991, 16.1577900501, 13.1897891663, -0.991774404561
253.06, 0.0548171703442, 17.5214494229, 13.1696607195, -0.976445415857
254.06, 0.0442642761874, 18.8960914848, 13.1449255427, -0.952241575017
255.06, 0.0381120067896, 19.9457350242, 13.0957624232, -0.934524499879
256.06, 0.0356676322202, 20.3676329098, 13.0607994054, -0.932764910671
257.06, 0.0361119439201, 20.3748446458, 13.212230051, -0.932343417591
258.06, 0.0384988116541, 20.1961573993, 13.6562816727, -0.925092004714
259.06, 0.0410509822243, 20.0564933768, 14.1919433846, -0.922774741509
260.06, 0.0431008893553, 20.0382873051, 14.7163923658, -0.926248490373
261.06, 0.0441098109745, 20.0792311797, 15.0639352018, -0.931699131675
262.06, 0.0446234443542, 20.0907547489, 15.2286394677, -0.936974052557
263.06, 0.0451582082688, 20.059513745, 15.3080312886, -0.942319424123
264.06, 0.0472508586987, 19.7646961817, 15.2700843443, -0.941455226472
265.06, 0.0510835586834, 19.1983773726, 15.0766192075, -0.922801090499
266.06, 0.0562165308201, 18.5325198646, 14.8818329397, -0.902462221067
267.06, 0.062688462927, 17.8349539252, 14.7420841205, -0.883619473678
268.06, 0.0708407941738, 17.1414878253, 14.6912864323, -0.865718626267
269.06, 0.0810537858746, 16.4448853588, 14.7420841973, -0.847822726635
270.06, 0.0959183636584, 15.7618750011, 14.8744601841, -0.833297814564
271.06, 0.114902078035, 15.1422783102, 15.1448233544, -0.826884505929
272.06, 0.140832348261, 14.5183340434, 15.5271422404, -0.827704340051
273.06, 0.18227534491, 13.8274099887, 15.8904805848, -0.833717737116
274.06, 0.237447982594, 13.0767680182, 16.1757701138, -0.843405807297
275.06, 0.311960566436, 12.2867998011, 16.3645819173, -0.855374549897
276.06, 0.418400260903, 11.4759792404, 16.4544922349, -0.868587258258
277.06, 0.577971719035, 10.6589606068, 16.4496113882, -0.882368848304
278.06, 0.702924164604, 9.84695077275, 16.3567309365, -0.896310503925
279.06, 0.575942561287, 9.048340364, 16.1836208075, -0.910175511987
280.06, 0.374710718018, 8.26913295949, 15.9383884536, -0.923833494911
281.06, 0.24835582361, 7.49111896329, 15.6545068597, -0.942033960648
282.06, 0.159527145411, 6.55607605747, 15.4791267706, -0.964758772815
283.06, 0.108515204338, 5.39174602661, 15.4191601977, -0.979142117692
284.06, 0.0776663736063, 4.08954359373, 15.3910182729, -0.982274189743
285.06, 0.0581498315758, 2.72963302032, 15.3644635047, -0.972646127559
286.06, 0.0451608263481, 1.34928730272, 15.3356837004, -0.951808356579
287.06, 0.0374500315485, 0.209460254956, 15.2804918673, -0.932929930702
288.06, 0.0345462433169, -0.312834065009, 15.2387776549, -0.930344036457
289.06, 0.03426882708, -0.401899393872, 15.3357185425, -0.933505729394
290.06, 0.0359115149848, -0.229934284174, 15.7638966562, -0.933113901698
291.06, 0.0377527158746, -0.0553881500202, 16.3142668513, -0.936000613985
292.06, 0.0389601148838, -0.0105962359116, 16.84721172, -0.94152419537
293.06, 0.0392149525001, -0.0530831197678, 17.2011149108, -0.944538645131
294.06, 0.0392852507536, -0.0792275759864, 17.3771120534, -0.945869116976
295.06, 0.0395421331429, -0.0598557015174, 17.474361648, -0.947076412352
296.06, 0.0416453764342, 0.266166608076, 17.4399967458, -0.943165921251
297.06, 0.0455095004446, 0.840215401555, 17.2207375507, -0.929963689035
298.06, 0.0507034500513, 1.50360946264, 16.9918084734, -0.915233717047
299.06, 0.0574001674947, 2.20454902243, 16.8273538033, -0.900803569181
300.06, 0.065760791437, 2.90163169552, 16.7499087157, -0.88717775777
301.06, 0.0764743649688, 3.5939140709, 16.7739346943, -0.874791385066
302.06, 0.0905479771227, 4.28680479143, 16.8878188812, -0.864328704564
303.06, 0.108033336303, 4.92938078972, 17.1033579772, -0.859883568816
304.06, 0.130538362093, 5.5322984147, 17.4680787645, -0.86147855036
305.06, 0.163342287296, 6.1885698711, 17.8600671633, -0.866543054531
306.06, 0.214075751399, 6.91216798598, 18.1906012161, -0.873246150521
307.06, 0.297096071494, 7.68483519397, 18.4290366105, -0.882107341161
308.06, 0.441754544405, 8.4867198531, 18.5679994117, -0.893276636227
309.06, 0.672499168145, 9.30144305019, 18.6095146137, -0.906435119385
310.06, 0.79430116783, 10.1162765646, 18.5595004016, -0.920285982497
311.06, 0.677554030326, 10.9215792123, 18.42543676, -0.93393412917
312.06, 0.582480942343, 11.7102334728, 18.2153063936, -0.947157277908
313.06, 0.465075028168, 12.4787573876, 17.9390074086, -0.960551985346
314.06, 0.33789098413, 13.3154231981, 17.6987166058, -0.97752241973
315.06, 0.230963606618, 14.3770914295, 17.59832691, -0.989285590804
316.06, 0.152757625481, 15.6271235426, 17.5667286357, -0.990439019664
317.06, 0.104258199285, 16.9656494601, 17.5445389203, -0.980564534133
318.06, 0.0747916406749, 18.3400272082, 17.5221979702, -0.96025508308
319.06, 0.0575428197184, 19.5847659372, 17.474210233, -0.937842646132
320.06, 0.0507951198199, 20.2288701791, 17.4257551196, -0.931493803889
321.06, 0.0499365839282, 20.3139232957, 17.3992438041, -0.934523265935
322.06, 0.0516040734547, 20.1881767671, 17.5708737419, -0.934110077905
323.06, 0.0537851495764, 20.0968089422, 18.0179336913, -0.92528552682
324.06, 0.0553588899951, 20.0783112203, 18.5420871137, -0.921958841116
325.06, 0.0563319763225, 20.1003654078, 19.0791108215, -0.924687718674
326.06, 0.0567321749809, 20.1254609067, 19.4390285447, -0.93030869475
327.06, 0.0571942799432, 20.1085877608, 19.5979200283, -0.936193139487
328.06, 0.0584052130638, 20.0140728591, 19.6581644119, -0.942697615295
329.06, 0.0640751580869, 19.5673264718, 19.6217894086, -0.932971623293
330.06, 0.0728636172487, 18.9377547936, 19.4976975016, -0.913771103308
331.06, 0.0861366351328, 18.2502111712, 19.3607700877, -0.894567296306
332.06, 0.103041461315, 17.5545664019, 19.2671442425, -0.876434945702
333.06, 0.126592037103, 16.8564673079, 19.2541615507, -0.858508815382
334.06, 0.161861390651, 16.151337928, 19.3204384105, -0.841903418803
335.06, 0.212521824246, 15.4834360965, 19.4711962461, -0.831641534587
336.06, 0.308409609578, 14.8563837881, 19.7708698503, -0.829724793669
337.06, 0.512662362607, 14.187082975, 20.1227710694, -0.833943964145
338.06, 1.12107688068, 13.4540137822, 20.4231324965, -0.842222511616
339.06, 2.51664157944, 12.6746170786, 20.6353743371, -0.853015592316
340.06, 1.54691805725, 11.8687592995, 20.7504054224, -0.865172298328
341.06, 1.41354280672, 11.0526196775, 20.7698096626, -0.877963663748
342.06, 2.6135869505, 10.2385602976, 20.6994356275, -0.890958159269
343.06, 2.17798495618, 9.43581295308, 20.5467378335, -0.903917769958
344.06, 0.863276667553, 8.65107395538, 20.3197022197, -0.916717251651
345.06, 0.445450833053, 7.87648216832, 20.0412739258, -0.932525021431
346.06, 0.265153978617, 6.97878663298, 19.8457412803, -0.954461539246
347.06, 0.167396982227, 5.85893320881, 19.7700896545, -0.974049692475
348.06, 0.111607119171, 4.57889215318, 19.7429395896, -0.982737822883
349.06, 0.0801348555982, 3.22787664837, 19.720495424, -0.978142631064
350.06, 0.0585568633956, 1.84824343973, 19.6977644761, -0.960837354124
351.06, 0.0464475790445, 0.55337471368, 19.6546447025, -0.938138621533
352.06, 0.040772407397, -0.181538045656, 19.6035687517, -0.930115483472
353.06, 0.0396502379123, -0.329418643778, 19.5742629274, -0.933074500182
354.06, 0.0404225862938, -0.222568124306, 19.7465244042, -0.935878932851
355.06, 0.0413079451912, -0.108924604076, 20.2012026525, -0.934379457795
356.06, 0.0416178810735, -0.0687248575859, 20.7292107122, -0.936147416728
357.06, 0.0414131297765, -0.0862986112594, 21.2613890002, -0.940830566128
358.06, 0.0410952829909, -0.115851689819, 21.6125081298, -0.943756950072
359.06, 0.0411019558797, -0.104229164785, 21.7678892033, -0.945367621388
360.06, 0.0416273749512, -0.020365835641, 21.8279142026, -0.947108798815
361.06, 0.0447086347784, 0.411948040149, 21.791680229, -0.94109197289
362.06, 0.0499043891011, 1.03606023437, 21.6642314636, -0.92911076082
363.06, 0.0568253224106, 1.7222356723, 21.5243583021, -0.915775747714
364.06, 0.065498365084, 2.41836389359, 21.4268594282, -0.902320348435
365.06, 0.0763791117339, 3.11580475278, 21.4098045533, -0.889754759666
366.06, 0.0904264591052, 3.82095681669, 21.4745464972, -0.878369815842
367.06, 0.106777040136, 4.49190391982, 21.6209600397, -0.871861048724
368.06, 0.127973266017, 5.1179111464, 21.9162111098, -0.87160074363
369.06, 0.155562268812, 5.7821430623, 22.2711043864, -0.874654989131
370.06, 0.197859183591, 6.51062806251, 22.5774531585, -0.879024289393
371.06, 0.268189115813, 7.28671812486, 22.7964642935, -0.885588595065
372.06, 0.400232016083, 8.09044200851, 22.9182333554, -0.894634316351
373.06, 0.700964006556, 8.9053958447, 22.9440275385, -0.90597401792
374.06, 1.44625275052, 9.71900796598, 22.8795640272, -0.918683241556
375.06, 1.57638221893, 10.5218665017, 22.732246797, -0.931391153718
376.06, 0.912244339146, 11.3071280248, 22.510058003, -0.943702794869
377.06, 0.67749365893, 12.0784169585, 22.2311891159, -0.95724971721
378.06, 0.554093404697, 12.9581145003, 22.0236609663, -0.974376968311
379.06, 0.382932874438, 14.0603041019, 21.940725481, -0.989525179192
380.06, 0.229797884526, 15.3313991844, 21.9122499802, -0.993928790102
381.06, 0.140271489236, 16.6786213837, 21.8896434766, -0.986170940149
382.06, 0.0943252844114, 18.0566585014, 21.8668340246, -0.966983397717
383.06, 0.0686141801352, 19.3709571786, 21.827327058, -0.942466533199
384.06, 0.0583133073605, 20.1523713982, 21.777668706, -0.932258936412
385.06, 0.0559269402748, 20.3350288757, 21.7485224174, -0.934060538131
386.06, 0.0569476060032, 20.2397438622, 21.919277491, -0.933743810597
387.06, 0.0580928401413, 20.1153447697, 22.3741144709, -0.925240827895
388.06, 0.0580887874664, 20.0644620049, 22.9024739137, -0.922321552574
389.06, 0.0570438839923, 20.0801666897, 23.4341425753, -0.925343167779
390.06, 0.0559849490767, 20.1123102256, 23.7863027574, -0.930916288472
391.06, 0.0557456028305, 20.1034747084, 23.9435192466, -0.936532105057
392.06, 0.0563105296917, 20.0409607608, 24.0052753672, -0.942867753584
393.06, 0.0609902002271, 19.6609674687, 23.9673945571, -0.937360900354
394.06, 0.0694961795062, 19.0547344232, 23.827121053, -0.918641626766
395.06, 0.0828092450721, 18.3736455009, 23.6774212155, -0.899200421094
396.06, 0.0996071747039, 17.6781198178, 23.572957731, -0.880950837124
397.06, 0.120375385228, 16.9821789639, 23.5525101581, -0.863062592712
398.06, 0.151890853906, 16.2789583506, 23.6186946513, -0.845720705356
399.06, 0.193210704062, 15.6099797273, 23.769279264, -0.834025458087
400.06, 0.255056083264, 14.988637006, 24.0712951909, -0.830753656904
401.06, 0.392468618458, 14.3292996991, 24.43473399, -0.833869226116
402.06, 0.895756038017, 13.6043815475, 24.7506117616, -0.841371055259
403.06, 7.74711833713, 12.8302701549, 24.9793453294, -0.851729198846
404.06, 4.7644762019, 12.0270907656, 25.1105200931, -0.863715450577
405.06, 0.761500302837, 11.2115009902, 25.1451141806, -0.876520718154
406.06, 0.412499757549, 10.3963336075, 25.0887084279, -0.889646679967
407.06, 0.315230306075, 9.59122566044, 24.9486856728, -0.90280952095
408.06, 0.270592970187, 8.80323788577, 24.7330025108, -0.91585062798
409.06, 0.232001153719, 8.03321111239, 24.4547114526, -0.930317603933
410.06, 0.186538958364, 7.17688280279, 24.2284070763, -0.952283370105
411.06, 0.136651784671, 6.09968794705, 24.1318390315, -0.973153500085
412.06, 0.0983207803077, 4.84140588725, 24.0986364874, -0.983627599801
413.06, 0.073899302984, 3.4992691787, 24.0732306035, -0.981360224888
414.06, 0.0559962481, 2.12323445504, 24.0475644183, -0.966072665599
415.06, 0.0447568161885, 0.777715259508, 24.0098177126, -0.942655121277
416.06, 0.039256137206, -0.0976496036304, 23.9564050104, -0.930788875987
417.06, 0.037861147547, -0.355875933765, 23.92339512, -0.932402695294
418.06, 0.0381597271695, -0.286104224799, 23.9896849902, -0.938031331703
419.06, 0.0384227993783, -0.145009625578, 24.4240899751, -0.938849451694
420.06, 0.0382570574742, -0.0424121645488, 24.9819493755, -0.940364737783
421.06, 0.0375591354411, -0.0331059358727, 25.5254319877, -0.944372849491
422.06, 0.0368359607428, -0.0781362949575, 25.8919484196, -0.946235504937
423.06, 0.0365174837238, -0.0940809901084, 26.0720859257, -0.946752317553
424.06, 0.0365148461811, -0.0672153910522, 26.1661742874, -0.946902420832
425.06, 0.0368630192484, 0.0212555458366, 26.2113914742, -0.947248047721
426.06, 0.0390967249192, 0.42920675111, 26.0573394817, -0.939284535215
427.06, 0.0429048960205, 1.02863587954, 25.8065531576, -0.925762262954
428.06, 0.0478686865826, 1.70995484262, 25.6122111671, -0.911683473862
429.06, 0.0536188111403, 2.40227995801, 25.5234331856, -0.898220394926
430.06, 0.0600139980212, 3.09757025068, 25.5578099311, -0.886007770592
431.06, 0.0666571864981, 3.77057893011, 25.6974227206, -0.876046479218
432.06, 0.0719907219687, 4.37496584098, 26.000134406, -0.871598676162
433.06, 0.0767562135399, 4.99835467905, 26.3979544575, -0.870903918069
434.06, 0.0825065097939, 5.69188146482, 26.7640943421, -0.872471816397
435.06, 0.089550054077, 6.44418033822, 27.0477524419, -0.877644875085
436.06, 0.0998587854396, 7.23466846535, 27.2335240182, -0.886531267479
437.06, 0.113267623189, 8.04518388057, 27.3201052436, -0.898564680135
438.06, 0.132250788729, 8.8613451737, 27.3120472608, -0.912404965917
439.06, 0.159248493561, 9.67213910256, 27.2163188101, -0.926476566713
440.06, 0.209375762284, 10.4693134644, 27.0407403021, -0.940261692427
441.06, 0.302456170471, 11.2470082444, 26.7934755416, -0.953617454702
442.06, 0.49763012574, 12.021001982, 26.505099179, -0.969729362016
443.06, 0.601603952953, 12.9519964717, 26.3264151574, -0.988965873177
444.06, 0.328627057775, 14.1186001172, 26.2679858635, -1.00056621281
445.06, 0.165199435466, 15.4222155387, 26.2391180312, -1.00169657401
446.06, 0.103834290307, 16.7826171769, 26.2113652389, -0.990847602069
447.06, 0.0729019509749, 18.1659132954, 26.1832261047, -0.969278501872
448.06, 0.0555359892831, 19.4680324294, 26.1448989868, -0.943735772741
449.06, 0.0484098119042, 20.2130084151, 26.1078621674, -0.933682856444
450.06, 0.0471516462347, 20.3667111357, 26.0891117462, -0.935299019273
451.06, 0.0480730359355, 20.2324096137, 26.1573189004, -0.93961452646
452.06, 0.0477599790587, 20.0928467313, 26.5820592091, -0.933532409538
453.06, 0.0462126064547, 20.0262547938, 27.1300670384, -0.928254722263
454.06, 0.0440533922589, 20.0392466009, 27.6818330725, -0.928922957177
455.06, 0.0420590384362, 20.089444343, 28.0722695545, -0.93264352144
456.06, 0.041213644675, 20.1032942833, 28.2672329273, -0.93723874951
457.06, 0.0410269309532, 20.0703193526, 28.3689017365, -0.941754224911
458.06, 0.0416110870924, 19.9537353003, 28.407291251, -0.945379216655
459.06, 0.0453683943298, 19.5120095164, 28.2362835429, -0.931244158671
460.06, 0.0515948733899, 18.8948651937, 28.0014948888, -0.911195375661
461.06, 0.0596841581898, 18.2094493433, 27.8245115688, -0.892224060189
462.06, 0.0690976037823, 17.5173198958, 27.752664776, -0.874382568124
463.06, 0.0789965053341, 16.820470121, 27.7989783218, -0.856335283049
464.06, 0.0897066585815, 16.1528105011, 27.9478100917, -0.841193951494
465.06, 0.0952977430508, 15.5482124778, 28.2627513445, -0.834198027361
466.06, 0.0972872156862, 14.9125361712, 28.6548473928, -0.834056087859
467.06, 0.0980163475728, 14.2070968649, 29.0064142397, -0.839263415695
468.06, 0.0980282983718, 13.4461546306, 29.2727270013, -0.848336956368
469.06, 0.0973700190911, 12.6502322312, 29.4408218667, -0.859869473212
470.06, 0.0959674318857, 11.8369449307, 29.5104226364, -0.872809531585
471.06, 0.0940738408398, 11.0201203669, 29.4865103394, -0.886453258989
472.06, 0.0918228492963, 10.2102849427, 29.3762421439, -0.900360748555
473.06, 0.0894060288873, 9.41528845423, 29.1874832586, -0.914261497065
474.06, 0.0870828835536, 8.64066775558, 28.9283399702, -0.928008816724
475.06, 0.0834395793676, 7.85152498518, 28.6492689956, -0.948086710667
476.06, 0.0759748342321, 6.87566720844, 28.4972395909, -0.97195817908
477.06, 0.0650968054902, 5.67626786153, 28.4481570234, -0.987069057926
478.06, 0.0554220539344, 4.35840647916, 28.4191121143, -0.991093996592
479.06, 0.0476341638415, 2.99214895563, 28.3903343132, -0.981711786788
480.06, 0.0405279516391, 1.60657322775, 28.3610425065, -0.960698576541
481.06, 0.0355460634763, 0.368721619391, 28.3164580236, -0.937940002544
482.06, 0.033332084781, -0.255394048213, 28.2795031928, -0.931786654412
483.06, 0.0331066718272, -0.324943046613, 28.2620802706, -0.934886868621
484.06, 0.0336956518451, -0.137077181439, 28.3064043451, -0.940148118027
485.06, 0.0338646283724, 0.00346880920417, 28.7068655374, -0.941438725937
486.06, 0.0335805752321, 0.0329498601193, 29.2559304408, -0.94200774492
487.06, 0.0332014588477, -0.0143626609221, 29.8184067682, -0.945308160619
488.06, 0.0329456749747, -0.0864422747717, 30.2254993693, -0.946963259638
489.06, 0.0329006836182, -0.110098404743, 30.4326679134, -0.947323438564
490.06, 0.0330100368983, -0.0799104947973, 30.5430630952, -0.947394599784
491.06, 0.0332769177197, 0.0224720336169, 30.5948202163, -0.947487570517
492.06, 0.0344752602532, 0.441264734555, 30.4326495076, -0.938944140994
493.06, 0.036311678683, 1.04466668782, 30.1828132634, -0.925438542456
494.06, 0.0386096051715, 1.72649884959, 29.9909596803, -0.911396833462
495.06, 0.0410907073764, 2.41860661307, 29.9071797499, -0.898035597818
496.06, 0.0434531352933, 3.11521159336, 29.9463251605, -0.885906236102
497.06, 0.0457681348831, 3.78306050346, 30.0930719021, -0.876413549295
498.06, 0.0471435636508, 4.38646489633, 30.4075925425, -0.872593502566
499.06, 0.0481014231559, 5.01932452698, 30.8017021659, -0.872052134081
500.06, 0.04902618246, 5.72205895982, 31.1561922318, -0.873866968032
501.06, 0.0499920307686, 6.4807968152, 31.4256552392, -0.879287951326
502.06, 0.0510831085367, 7.27502897716, 31.5968682568, -0.888358796448
503.06, 0.0524448723602, 8.08707343979, 31.6694774049, -0.900486211819
504.06, 0.0541422471235, 8.90303622853, 31.6484338279, -0.914251191846
505.06, 0.0566356294837, 9.71232246791, 31.540859825, -0.928163012591
506.06, 0.059562223764, 10.5070306333, 31.3546253291, -0.941758888637
507.06, 0.0634074443873, 11.2815953542, 31.0978632613, -0.954921715757
508.06, 0.0677026413435, 12.0654176819, 30.815413868, -0.971743476192
509.06, 0.068489182017, 13.0306522836, 30.6582160012, -0.990851371627
510.06, 0.0642819970909, 14.2235242467, 30.6086664255, -1.00152114806
511.06, 0.0569518036173, 15.538467302, 30.5806389752, -1.00161350679
512.06, 0.0487883177533, 16.9034575459, 30.5530510035, -0.98955259536
513.06, 0.0412365307394, 18.2885977151, 30.525103094, -0.966997073254
514.06, 0.0356001164021, 19.5596522843, 30.485981575, -0.942053852099
515.06, 0.0327472905152, 20.2402979201, 30.4520988201, -0.933603981254
516.06, 0.0323090133898, 20.3476933973, 30.4359108444, -0.935665747793
517.06, 0.0327154763152, 20.1888668496, 30.5031021562, -0.939647586763
518.06, 0.0318554130199, 20.0560599723, 30.9224986873, -0.933313889566
519.06, 0.0302906774263, 20.0136028598, 31.4651731828, -0.927976426084
520.06, 0.0286418413434, 20.0421690754, 32.0195026688, -0.928624583652
521.06, 0.0273205726994, 20.0964042521, 32.4136437793, -0.932364902506
522.06, 0.0267746192398, 20.1085940914, 32.6081308481, -0.936929579035
523.06, 0.0266348669164, 20.0645241962, 32.7048850044, -0.941785172462
524.06, 0.0276241723434, 19.7204697509, 32.6659106781, -0.934274083185
525.06, 0.0297618476964, 19.1364705938, 32.4868081593, -0.914748336882
526.06, 0.0324134765955, 18.4645619559, 32.3060135773, -0.894775452582
527.06, 0.035085021672, 17.7683733867, 32.1780112109, -0.876279648155
528.06, 0.0378198824781, 17.0742324652, 32.1397122447, -0.858440483784
529.06, 0.0399644236317, 16.3738128527, 32.1984815978, -0.841127051788
530.06, 0.0413914676199, 15.6984933696, 32.3397352371, -0.829012552841
531.06, 0.0414317217552, 15.0804067232, 32.629294144, -0.825254405867
532.06, 0.0407367396108, 14.4380540907, 33.004146003, -0.828194800516
533.06, 0.0401969554489, 13.7284596864, 33.343357261, -0.835759498138
534.06, 0.0400387941141, 12.9646960101, 33.5991593662, -0.846391523809
535.06, 0.0402743682797, 12.1671520905, 33.7577661704, -0.858807247407
536.06, 0.0408587504062, 11.3533199429, 33.8187172162, -0.872122482771
537.06, 0.0417246691445, 10.5368455297, 33.7869709191, -0.885784150477
538.06, 0.0427846120534, 9.72806268499, 33.6696444077, -0.899471684596
539.06, 0.0439271875188, 8.93464163856, 33.4745759872, -0.913009002489
540.06, 0.0450179468918, 8.1616103824, 33.2103006716, -0.926558307851
541.06, 0.0456922850999, 7.3495240969, 32.9523907535, -0.947643922261
542.06, 0.0455399071617, 6.3350670655, 32.8261454923, -0.969886437751
543.06, 0.0448746493553, 5.11370346393, 32.7872730143, -0.982284438678
544.06, 0.0437899732339, 3.78680365681, 32.7642427069, -0.982760215549
545.06, 0.0419122970139, 2.41687688031, 32.7414430409, -0.970123560148
546.06, 0.0389714052203, 1.04419963724, 32.7125604331, -0.947417299975
547.06, 0.036121259457, 0.0287357323044, 32.6600859583, -0.931725492565
548.06, 0.0349160830545, -0.35789519044, 32.6243125606, -0.931399007276
549.06, 0.0353670220599, -0.347185881232, 32.7801538086, -0.933605922367
550.06, 0.037357228394, -0.175216771483, 33.2264867257, -0.932597638372
551.06, 0.0401553660239, -0.0517639200155, 33.7601263437, -0.935403694508
552.06, 0.0433795187456, -0.0428285047298, 34.2841351535, -0.940705780368
553.06, 0.0458494688187, -0.0842336943734, 34.6297680351, -0.943731318441
554.06, 0.0472232509875, -0.0927015779486, 34.7911607472, -0.945315273965
555.06, 0.0482618133747, -0.0240415710482, 34.8618109985, -0.947233541657
556.06, 0.0499127597427, 0.400277231065, 34.808209598, -0.941196978458
557.06, 0.0507766440078, 1.01549275219, 34.6479182524, -0.928619276521
558.06, 0.0509659881505, 1.69771830715, 34.4873409916, -0.915001135095
559.06, 0.0507273130536, 2.3968337749, 34.3701271334, -0.901179825502
560.06, 0.0504396622518, 3.09135323221, 34.3317957974, -0.88826017905
561.06, 0.0501016383572, 3.79169587824, 34.3841721472, -0.876319728847
562.06, 0.049589391533, 4.47887296872, 34.5083064729, -0.867954719432
563.06, 0.0491934568737, 5.10724175671, 34.7640499901, -0.866000157782
564.06, 0.0486018073738, 5.7411341137, 35.1299357249, -0.869149107593
565.06, 0.0467531276306, 6.43997325817, 35.4764581591, -0.874009294084
566.06, 0.0441712689682, 7.19592636703, 35.7447837201, -0.880600986541
567.06, 0.0412006835791, 7.98866262427, 35.9170981055, -0.889475816072
568.06, 0.0384134772921, 8.80005440579, 35.9914163956, -0.900615889663
569.06, 0.0363450983276, 9.61586128231, 35.9721029093, -0.913481831563
570.06, 0.034891516534, 10.425270904, 35.8660568006, -0.926640449194
571.06, 0.0339994556532, 11.2202375077, 35.6810617804, -0.939464820359
572.06, 0.0335890345893, 11.9951694147, 35.4253411999, -0.951883669891
573.06, 0.033339298471, 12.7910429031, 35.1564192244, -0.968114094948
574.06, 0.0323730314851, 13.7726503257, 35.0121221979, -0.984833899077
575.06, 0.0305654210478, 14.970675964, 34.9663603766, -0.992314673133
576.06, 0.0283171844121, 16.2873706445, 34.942748547, -0.988441558803
577.06, 0.0258956582495, 17.6530563197, 34.9199434462, -0.972999819126
578.06, 0.0235133688552, 19.020217904, 34.8900144308, -0.948895285616
579.06, 0.0219165993285, 20.010030977, 34.8358545802, -0.933199429658
580.06, 0.0213887437153, 20.372067943, 34.7989126609, -0.932683280974
581.06, 0.0211301326226, 20.3504366461, 34.9529218478, -0.932335989848
582.06, 0.0205899997624, 20.1805579414, 35.4007220767, -0.92470770822
583.06, 0.0198874389282, 20.0596109037, 35.9347919807, -0.922283259378
584.06, 0.0190116234211, 20.0486464084, 36.4592604896, -0.925759010068
585.06, 0.0184343031449, 20.0870111692, 36.8055340097, -0.931304432143
586.06, 0.0181951759441, 20.0934190558, 36.9671818264, -0.936662144575
587.06, 0.0181661994702, 20.0175611046, 37.0368045741, -0.94285559956
588.06, 0.0187874363611, 19.5816006934, 36.9832776131, -0.932483607071
589.06, 0.0198176227023, 18.9616824555, 36.8286952211, -0.912614573236
590.06, 0.0209957551927, 18.2780610542, 36.6725795291, -0.892739525656
591.06, 0.0221179876359, 17.5796533017, 36.5591337957, -0.874262674891
592.06, 0.0232251841163, 16.8852909789, 36.5244171267, -0.856384605345
593.06, 0.0240991238434, 16.1842689801, 36.5792986165, -0.839127746962
594.06, 0.0247550203928, 15.4989594418, 36.7052521511, -0.826899672437
595.06, 0.0250631681851, 14.8718536731, 36.9660299773, -0.822989399014
596.06, 0.0251408791374, 14.2343933943, 37.3316278747, -0.826028519983
597.06, 0.0254487088107, 13.5313686174, 37.6741566532, -0.833728196416
598.06, 0.0261189862523, 12.7721385126, 37.937407487, -0.844473368276
599.06, 0.0272279937104, 11.9771004076, 38.1044906161, -0.856965804556
600.06, 0.0288396776349, 11.1642232005, 38.1737662409, -0.870312120663
601.06, 0.0310338123692, 10.3475791386, 38.1497353019, -0.883964742302
602.06, 0.033904065689, 9.53783082542, 38.0393621031, -0.897611696869
603.06, 0.037333026072, 8.74290266342, 37.8504421234, -0.911086658833
604.06, 0.0419305957836, 7.96820816946, 37.5912931248, -0.924426950105
605.06, 0.0474907641317, 7.16431830944, 37.3278531531, -0.944759303828
606.06, 0.0564762308097, 6.1682290994, 37.1910573561, -0.96662657077
607.06, 0.075888368591, 4.9608587633, 37.1472302276, -0.978661108565
608.06, 0.106921059773, 3.64002481675, 37.1233294823, -0.978780304204
609.06, 0.132491492205, 2.27257211201, 37.1000016888, -0.96603298436
610.06, 0.115732009074, 0.911680315757, 37.0670883089, -0.943763144135
611.06, 0.0891436468437, -0.0421886071413, 37.0101601046, -0.930306392377
612.06, 0.0802758315702, -0.370781941987, 36.9721736884, -0.931302503908
613.06, 0.0851536473298, -0.336207295601, 37.1169277836, -0.934283076413
614.06, 0.106129659014, -0.174027506717, 37.5673746942, -0.933401394379
615.06, 0.139221788928, -0.0613841938864, 38.1045084047, -0.935995396384
616.06, 0.175547145069, -0.051909959223, 38.6309829783, -0.941155919542
617.06, 0.195142298309, -0.088939576564, 38.9783154423, -0.944067556672
618.06, 0.205872983972, -0.0939996024259, 39.1403836358, -0.94553513729
619.06, 0.2211261379, -0.0326424977235, 39.2126873095, -0.947287624244
620.06, 0.309611778459, 0.372676668553, 39.1646160132, -0.941795318616
621.06, 0.50390520799, 0.981763464151, 39.0053907752, -0.929422765525
622.06, 0.698371712545, 1.66239892866, 38.8440992244, -0.915876281159
623.06, 0.581566464563, 2.36043906126, 38.7279058667, -0.902107825731
624.06, 0.366120412493, 3.05505842355, 38.6933468635, -0.889255685137
625.06, 0.227974873226, 3.75630511116, 38.7502706805, -0.877398767169
626.06, 0.152219624659, 4.4389130146, 38.8811189355, -0.869352377554
627.06, 0.112454714254, 5.06305257969, 39.1525116055, -0.867686447214
628.06, 0.085063273963, 5.70292404396, 39.5209169414, -0.870688563951
629.06, 0.0645997967463, 6.40884829858, 39.8604049459, -0.875199700388
630.06, 0.0505371808575, 7.16979258102, 40.1185533252, -0.881678192711
631.06, 0.0411994800584, 7.96537125411, 40.2799998285, -0.890594073654
632.06, 0.0352322060229, 8.7778647396, 40.3437369841, -0.901844875966
633.06, 0.0307630443887, 9.59343581353, 40.3145222867, -0.914756978438
634.06, 0.0279924935904, 10.4016045938, 40.1994085928, -0.92787586965
635.06, 0.0258791340425, 11.19459704, 40.0062285873, -0.940645098139
636.06, 0.0245177847369, 11.9672601139, 39.7434705757, -0.953138246138
637.06, 0.0234146139058, 12.7746976756, 39.4825521914, -0.969822573492
638.06, 0.0220490773531, 13.7805392661, 39.3515315116, -0.986500323697
639.06, 0.0204983320925, 14.9958755784, 39.310546877, -0.993530666928
640.06, 0.0189909025881, 16.3200082804, 39.2868338603, -0.989195821267
641.06, 0.0175752952203, 17.6887061802, 39.2635030376, -0.97322187481
642.06, 0.0162723314133, 19.0544683852, 39.2325717969, -0.948793315247
643.06, 0.0154247801364, 20.0303918884, 39.1798699044, -0.933338683797
644.06, 0.0151476259144, 20.3791693795, 39.1446530843, -0.932967144543
645.06, 0.0150257049626, 20.3520731973, 39.2906569267, -0.933457303364
646.06, 0.014687166895, 20.1839972851, 39.7379049202, -0.925776682314
647.06, 0.0142438746755, 20.0623674913, 40.2737770233, -0.922932071994
648.06, 0.0137699215716, 20.0487762123, 40.7991814823, -0.926093261603
649.06, 0.0133983157062, 20.0861597382, 41.1466555875, -0.931434935132
650.06, 0.0132511076919, 20.0930401996, 41.3097132958, -0.936674700239
651.06, 0.0132394220262, 20.0160031827, 41.3805856384, -0.942725391093
652.06, 0.0136097191162, 19.5775124068, 41.3268114456, -0.932073611088
653.06, 0.0142317108436, 18.9568303086, 41.1725220878, -0.912177095121
654.06, 0.0149432681489, 18.2729505128, 41.0167530506, -0.892314384157
655.06, 0.0156645703267, 17.574559262, 40.9037132062, -0.873847326574
656.06, 0.0163344681515, 16.8801607785, 40.8692335785, -0.855969746684
657.06, 0.0169132740657, 16.17909046, 40.9243680029, -0.838766886737
658.06, 0.0174868853874, 15.4941932197, 41.0508284175, -0.826667086028
659.06, 0.0178268634632, 14.8674631206, 41.3129600963, -0.822895851325
660.06, 0.0181030796884, 14.229464114, 41.6787440111, -0.82603010138
661.06, 0.0185752181448, 13.5258139073, 42.0206429953, -0.833799465427
662.06, 0.0193140433492, 12.766150108, 42.2830091304, -0.84458950101
663.06, 0.0204071673682, 11.9708701184, 42.4491699875, -0.857105420511
664.06, 0.0219415519113, 11.1579022865, 42.5175720191, -0.870459394868
665.06, 0.0240485959764, 10.3412783954, 42.4927380294, -0.884109004748
666.06, 0.0269359039859, 9.53162943887, 42.3816450294, -0.897747113496
667.06, 0.030939688772, 8.7368557367, 42.1920936964, -0.911209684118
668.06, 0.0366225843529, 7.96232111281, 41.9324388869, -0.924558181114
669.06, 0.0453156363107, 7.1567573124, 41.6704767142, -0.944974324309
670.06, 0.0620787796552, 6.15758047816, 41.5357482983, -0.966787189273
671.06, 0.102426121344, 4.94812670639, 41.4929670767, -0.978717758899
672.06, 0.218537197391, 3.62639892412, 41.4695989173, -0.978723235723
673.06, 0.472666570394, 2.2585804207, 41.4467737583, -0.965857015396
674.06, 0.320456919759, 0.898762708162, 41.4140724431, -0.94354355103
675.06, 0.174549334611, -0.0488180135013, 41.3575527572, -0.930259111228
676.06, 0.144677697455, -0.371731658331, 41.3200328042, -0.931305813576
677.06, 0.14010846995, -0.332399004309, 41.4763778001, -0.933884793472
678.06, 0.127389630412, -0.169700620813, 41.9272078787, -0.932874365776
679.06, 0.105402467373, -0.0618722337248, 42.4607137267, -0.935532026744
680.06, 0.0841942645631, -0.0555193184078, 42.9855231288, -0.940762297871
681.06, 0.0725226153823, -0.0919194632875, 43.3307131848, -0.943765411178
682.06, 0.0682674467683, -0.0948770430138, 43.4900187802, -0.945335476437
683.06, 0.0677009866946, -0.00949612472742, 43.5568040028, -0.947115541643
684.06, 0.0757817905729, 0.438201980225, 43.5069432436, -0.94038080576
685.06, 0.0894746401393, 1.06297798484, 43.362231254, -0.927928122497
686.06, 0.104726661521, 1.74848303529, 43.2126975089, -0.914427366926
687.06, 0.110387477441, 2.44662060122, 43.104343584, -0.900744671869
688.06, 0.101885862533, 3.14177289146, 43.0737748494, -0.887966176461
689.06, 0.0848004345683, 3.84446182958, 43.1302277892, -0.876186785691
690.06, 0.0687372215218, 4.52814212731, 43.2577037722, -0.868551651887
691.06, 0.0538076836208, 5.15548224024, 43.5237239457, -0.867351119421
692.06, 0.0428423713057, 5.79937864546, 43.8857143284, -0.87085578173
693.06, 0.0350962049241, 6.50862392088, 44.2184500849, -0.875773434992
694.06, 0.0297274703551, 7.2718710594, 44.4697994244, -0.882450567628
695.06, 0.0259544834603, 8.06875964583, 44.6246655971, -0.891396244574
696.06, 0.0232463202039, 8.88170617403, 44.6821961026, -0.902562261115
697.06, 0.0212655637022, 9.69703481939, 44.6472370233, -0.915339090854
698.06, 0.019797919045, 10.5044171732, 44.5268751923, -0.928302474852
699.06, 0.0187045056756, 11.296218606, 44.3289596866, -0.940902210816
700.06, 0.0178898993012, 12.0678925429, 44.0625952649, -0.9534234929
701.06, 0.0171424253849, 12.8886353711, 43.8128771598, -0.97018116858
702.06, 0.0160310579521, 13.9147262513, 43.6936701583, -0.986374502374
703.06, 0.0148596273003, 15.1419929079, 43.6566869233, -0.992504581284
704.06, 0.0137745470861, 16.4710963574, 43.6344336262, -0.987052841517
705.06, 0.012804247789, 17.8418103302, 43.612443133, -0.970064196374
706.06, 0.0119610532823, 19.1910371381, 43.5788004542, -0.945617236244
707.06, 0.0114641943454, 20.0880611312, 43.5256762603, -0.932499292697
708.06, 0.0113282910319, 20.3656577779, 43.4913480254, -0.933286685442
709.06, 0.011262633682, 20.3084487234, 43.6290998903, -0.934216726958
710.06, 0.0110297344517, 20.1567365335, 44.0812409798, -0.926283551153
711.06, 0.0107147915497, 20.0608940189, 44.618701531, -0.923160181488
712.06, 0.0103694659153, 20.0583805121, 45.1467490531, -0.926069522377
713.06, 0.0101308598864, 20.0948200371, 45.4949856317, -0.931303961807
714.06, 0.0100324833926, 20.0969628225, 45.6562632441, -0.936549118697
715.06, 0.0100103692775, 20.0450808299, 45.7274737257, -0.942635801045
716.06, 0.0102148027229, 19.672596095, 45.6858469678, -0.936849811989
717.06, 0.0106172245621, 19.0732349607, 45.5280778226, -0.917784874854
718.06, 0.0110895321363, 18.3953202159, 45.3658460319, -0.898002632786
719.06, 0.0115703218492, 17.6984930396, 45.2499812728, -0.879569528696
720.06, 0.0120163235177, 17.0041310094, 45.2177847705, -0.861704518683
721.06, 0.012419430429, 16.3029974941, 45.2780609303, -0.844201303471
722.06, 0.0127641036096, 15.6257596085, 45.4166084721, -0.831635522007
723.06, 0.0129547420382, 15.0049454867, 45.7004757306, -0.827417843523
724.06, 0.0130881100052, 14.3610990994, 46.0711992004, -0.829986471158
725.06, 0.013311638042, 13.6505279199, 46.4073771621, -0.837244030398
726.06, 0.0136782302369, 12.8860661749, 46.6604912319, -0.847599751202
727.06, 0.014213556152, 12.0881030103, 46.8165509215, -0.859758528871
728.06, 0.0149430329105, 11.2741280478, 46.8750312355, -0.872838621237
729.06, 0.0159017867508, 10.4577688405, 46.8408845252, -0.886290995567
730.06, 0.0171415582022, 9.64933473484, 46.7212529131, -0.899792833857
731.06, 0.0187393066131, 8.85646562417, 46.523986307, -0.91316551026
732.06, 0.0208096532896, 8.0840084198, 46.2578241783, -0.926658687165
733.06, 0.0234425930597, 7.26823811597, 46.0023272558, -0.947737670114
734.06, 0.0265528383699, 6.248359748, 45.8779631675, -0.96961493763
735.06, 0.0307087913299, 5.02403302292, 45.8384006242, -0.981522040127
736.06, 0.0346407559364, 3.69593406935, 45.8139925829, -0.981425897053
737.06, 0.0368793488816, 2.3255450841, 45.789744253, -0.968298178477
738.06, 0.0361000438024, 0.959296590255, 45.7575617562, -0.945523198984
739.06, 0.0340457460797, -0.0154986918492, 45.702844076, -0.931106093105
740.06, 0.033179646748, -0.363009232736, 45.6671721995, -0.931472902697
741.06, 0.0318969902387, -0.330968526236, 45.8375442383, -0.933458425642
742.06, 0.029057473586, -0.163244107368, 46.2858093746, -0.932283150102
743.06, 0.0259681467118, -0.0546015266837, 46.8148424326, -0.935040047037
744.06, 0.0232512112026, -0.0520050368829, 47.3373346709, -0.940337875541
745.06, 0.0216694270651, -0.09113987193, 47.6803996642, -0.943426410987
746.06, 0.0210212636633, -0.0948892729109, 47.8377120758, -0.945105042165
747.06, 0.0208277656637, -0.0289232581746, 47.904883003, -0.94735907975
748.06, 0.0214384507666, 0.384774677699, 47.8568621478, -0.942222651718
749.06, 0.0225636175803, 0.997483443696, 47.7023948412, -0.929947404186
750.06, 0.0237534745482, 1.67936618973, 47.5448668262, -0.91643463555
751.06, 0.0244338043866, 2.37749171477, 47.4310494128, -0.90268899164
752.06, 0.0243837820656, 3.07217966058, 47.3976640369, -0.889855577132
753.06, 0.0235878266767, 3.77364580895, 47.4546734151, -0.87800067503
754.06, 0.0223889840537, 4.45617591648, 47.585457669, -0.869906212145
755.06, 0.020669777051, 5.08092501461, 47.8559177748, -0.86814941667
756.06, 0.0187023661348, 5.72147641679, 48.2231556871, -0.871016083988
757.06, 0.0171006704682, 6.42792647457, 48.5615168074, -0.875376760455
758.06, 0.0158302343589, 7.1892370639, 48.8185509909, -0.881742293305
759.06, 0.0148436294108, 7.98502766662, 48.9789167754, -0.890572949442
760.06, 0.0140814060524, 8.79760011531, 49.0416230896, -0.901764925536
761.06, 0.013494028318, 9.61313442588, 49.0114334953, -0.914644359691
762.06, 0.0130439058339, 10.4211706559, 48.8954104553, -0.927742372465
763.06, 0.0127032256735, 11.2139558511, 48.7013923004, -0.940494523043
764.06, 0.0124504239091, 11.9863931752, 48.4379157516, -0.952997196083
765.06, 0.0121634671134, 12.7958269581, 48.1786237022, -0.969748188359
766.06, 0.0116376208322, 13.8048175549, 48.049239509, -0.986411366095
767.06, 0.0109672762242, 15.0217905498, 48.0084299444, -0.993316640215
768.06, 0.0103346708184, 16.3465938688, 47.9845732136, -0.988798638762
769.06, 0.00968634648521, 17.7155597152, 47.9610786777, -0.972653428633
770.06, 0.00913378686122, 19.0788218257, 47.9292705463, -0.948209145821
771.06, 0.00878687936435, 20.0407980719, 47.8757413643, -0.933174848257
772.06, 0.00867849361724, 20.3764525224, 47.840208984, -0.933040268896
773.06, 0.00869260414986, 20.3582764532, 47.825033805, -0.937482699956
774.06, 0.00858319927854, 20.2116577321, 48.1448640158, -0.938767623064
775.06, 0.00834495322238, 20.0699318236, 48.7185684508, -0.934113624666
776.06, 0.00809517394655, 19.9997457683, 49.3053511579, -0.933352337623
777.11, 0.00787775833801, 20.0359639963, 49.7321397877, -0.935344971654
778.06, 0.0077634138972, 20.073535302, 49.9387616625, -0.938328912005
779.06, 0.00769842726528, 20.0775128169, 50.0794332973, -0.941585797129
780.06, 0.00766823214527, 20.0235684212, 50.1825376107, -0.94448707479
781.06, 0.00782787349232, 19.6349106329, 50.0918183271, -0.931575194677
782.06, 0.00815344152578, 19.0713725946, 49.7870105959, -0.909469246541
783.06, 0.00850487584112, 18.4201345827, 49.4969226091, -0.888156339766
784.06, 0.00885717766099, 17.7267848803, 49.3170747965, -0.869300509374
785.06, 0.00916431428827, 17.0356959247, 49.2732046767, -0.851562299469
786.06, 0.00938794150071, 16.3463544812, 49.3588457859, -0.834493257352
787.06, 0.00950767529608, 15.7126216696, 49.5748446285, -0.823575035652
788.06, 0.00949853798522, 15.1268480255, 49.956810084, -0.820695654856
789.06, 0.0094788494966, 14.4857333633, 50.3703657483, -0.823884239886
790.06, 0.00951314353166, 13.7735190301, 50.7248156821, -0.831982928369
791.06, 0.00963027619016, 13.0081643328, 50.9877517637, -0.843530013029
792.06, 0.00982470370013, 12.2098907156, 51.1506541386, -0.857196042603
793.06, 0.0100874249473, 11.3956654464, 51.2149090062, -0.871986510311
794.06, 0.0104713459916, 10.5788089235, 51.1861067443, -0.887244585831
795.06, 0.0109362412982, 9.76950155126, 51.071580436, -0.902562307304
796.06, 0.011509734919, 8.9753571804, 50.8792247509, -0.917700233176
797.06, 0.0122081246141, 8.20174062687, 50.6171245877, -0.932536221596
798.06, 0.0130026072671, 7.40605061122, 50.3437552753, -0.953187458431
799.06, 0.0137419290824, 6.40728299266, 50.2093959864, -0.973614864242
800.06, 0.0143850465547, 5.19251649529, 50.1695699071, -0.984646297065
801.06, 0.0148741356973, 3.86828233182, 50.1463347826, -0.984582323978
802.06, 0.0150876341759, 2.49944245757, 50.1233351002, -0.971858570281
803.06, 0.0149646142528, 1.1234065685, 50.0958134356, -0.949058510049
804.06, 0.0146645067376, 0.0799521317199, 50.0472219046, -0.932390078302
805.06, 0.0145342451744, -0.311973668109, 50.0156234644, -0.931604460992
806.06, 0.0145874441939, -0.254150978949, 50.0025937718, -0.935739348609
807.06, 0.0146942988625, -0.0681623886036, 49.9998257257, -0.939188995747
808.06, 0.0147560284208, 0.0571912901795, 49.9997577172, -0.941707593281
