64.81, 0.010474244178, -2.33908879125e-05, -2.33599053782e-16, -0.134624798344
64.81, 0.010474244178, -2.33908879125e-05, -2.33599053782e-16, -0.134624798344
65.81, 0.010474244178, -2.33908879125e-05, -2.24317108843e-16, -0.134624798344
66.81, 0.010474244178, -2.33908879125e-05, -2.4248741102e-16, -0.134624798344
67.81, 0.010474244178, -2.33908879125e-05, -2.33025658077e-16, -0.134624798344
68.81, 0.010474244178, -2.33908879125e-05, -2.55009098136e-16, -0.134624798344
69.81, 0.0105302145527, 0.123869629917, -5.31530618294e-05, -0.142431221564
70.81, 0.0108724171139, 0.886113047311, -0.00044468285073, -0.150687516797
71.81, 0.0113774334447, 2.02591434113, -0.000854412595501, -0.163854087879
72.81, 0.0119283520372, 3.32058481164, -0.00126652641004, -0.181770052166
73.81, 0.0124591215231, 4.67629927821, -0.00161160400775, -0.202806056199
74.81, 0.012901211182, 5.9719030657, -0.00114599971505, -0.229794241521
75.81, 0.0132152646518, 7.09219542723, -0.000495655090166, -0.267124655573
76.81, 0.0134288274874, 8.08265521809, -9.82095889937e-05, -0.311390781783
77.81, 0.0135694912941, 9.03217329764, 5.88209033214e-05, -0.357594733353
78.81, 0.0136432041995, 9.99524013549, 8.29924525472e-05, -0.402992799966
79.81, 0.0136443520682, 10.9834541515, 6.13057589998e-05, -0.447041976617
80.81, 0.0135688552045, 11.9866826959, 3.94967415647e-05, -0.490257972403
81.81, 0.0134189460485, 12.9928717289, 2.73199229777e-05, -0.533258214233
82.81, 0.0132014361154, 13.9960778987, 2.09333058886e-05, -0.576360100748
83.81, 0.0129248823427, 14.9958830195, 1.65477500101e-05, -0.619601568596
84.81, 0.0125982448649, 15.9940697586, 1.22092746221e-05, -0.662905660345
85.81, 0.0122306744535, 16.9921827302, 8.10780264964e-06, -0.706202537782
86.81, 0.0118314043964, 17.9908078115, 4.87861422395e-06, -0.749467004979
87.81, 0.0114093903592, 18.9898624078, 2.76752653137e-06, -0.792705386365
88.81, 0.0110296919558, 19.8604215132, 4.35593085396e-05, -0.834380078979
89.81, 0.010851853372, 20.2633368642, 0.000227313398572, -0.87243390016
90.81, 0.0109768327145, 20.2975391576, 0.159402525307, -0.882972367407
91.81, 0.0114506200071, 20.1239086806, 0.586958182534, -0.864769246605
92.81, 0.0120285275678, 19.9909547935, 1.1070045843, -0.852115840548
93.81, 0.0126108645229, 19.9805360695, 1.65604000978, -0.849421713723
94.81, 0.0132193709286, 20.0403383585, 2.23311149878, -0.853739803117
95.81, 0.0138669837012, 20.1014507872, 2.81265915123, -0.863135798602
96.81, 0.0145518715497, 20.1342552688, 3.37335322792, -0.876171305183
97.81, 0.0152705585279, 20.1420793984, 3.91155175398, -0.891538118684
98.81, 0.0159448048787, 20.137389129, 4.38014552797, -0.907588297525
99.81, 0.0163274658747, 20.1109473445, 4.618820869, -0.921377742366
100.81, 0.0165432545672, 20.0442870619, 4.71495089438, -0.935247542542
101.81, 0.0169304179521, 19.6562159596, 4.70366428941, -0.936588912617
102.81, 0.0173995187742, 19.0273846735, 4.5909345651, -0.919864889108
103.81, 0.0178907443382, 18.3405995742, 4.4682638369, -0.901722706382
104.81, 0.0184998758092, 17.6391834119, 4.41286102213, -0.883759122958
105.81, 0.0192670132173, 16.9290832516, 4.4368653597, -0.865111915237
106.81, 0.0202212235227, 16.2582864107, 4.55897096609, -0.850280442517
107.81, 0.0215755360734, 15.6173683526, 4.83418112666, -0.843763319693
108.81, 0.0232214600142, 14.9295826469, 5.15404360652, -0.843160452686
109.81, 0.0248883386414, 14.1820079727, 5.41922676741, -0.846635491609
110.81, 0.0263458893668, 13.3935500352, 5.59636030046, -0.853992118979
111.81, 0.027395236642, 12.5835695724, 5.67794422926, -0.864056830413
112.81, 0.0278884808951, 11.7673501375, 5.66629993237, -0.875337111742
113.81, 0.0277618494924, 10.9563613843, 5.56758759219, -0.887173748364
114.81, 0.0270515138988, 10.1590542091, 5.38933567112, -0.899251763542
115.81, 0.0258774463589, 9.38112342353, 5.13993137273, -0.911602118722
116.81, 0.0245873407832, 8.57157629585, 4.88841917271, -0.930619886135
117.81, 0.0235063368682, 7.57979039143, 4.75567637639, -0.952016998778
118.81, 0.0223784995903, 6.38348806897, 4.71406649736, -0.971157808415
119.81, 0.0210143060363, 5.06760493616, 4.69783842338, -0.986004097881
120.81, 0.0194803093161, 3.7018147806, 4.68306917404, -0.98642621393
121.81, 0.0179004518448, 2.3160530623, 4.66809013479, -0.971912951357
122.81, 0.0163735425968, 0.944953528049, 4.64482796065, -0.947629922931
123.81, 0.0153080452447, -0.0239166257752, 4.59628106565, -0.932451236534
124.81, 0.0149283362185, -0.363551050737, 4.5619854979, -0.932408765201
125.81, 0.0151502458853, -0.333647361136, 4.71265261522, -0.932829691796
126.81, 0.0159163415084, -0.174602064134, 5.16207135569, -0.926463373993
127.81, 0.0167959475005, -0.0732889805812, 5.69621184243, -0.922129359645
128.81, 0.0176403163934, -0.0746218697698, 6.2534396346, -0.920437113773
129.81, 0.0184969509208, -0.125015477764, 6.83445868172, -0.920520620144
130.81, 0.0194005113531, -0.166723446364, 7.41396677311, -0.92202084469
131.81, 0.020359275684, -0.178260858135, 7.9736493397, -0.924950693659
132.81, 0.0213665006203, -0.166221880851, 8.51190662472, -0.929126039587
133.81, 0.0222744682303, -0.144495286753, 8.96494113717, -0.933851970099
134.81, 0.0227752341385, -0.107582751763, 9.17838523825, -0.93834118915
135.81, 0.0230769675236, -0.0393966812751, 9.25056454528, -0.942973688888
136.81, 0.0239367392782, 0.334786864373, 9.23406192041, -0.941777013307
137.81, 0.0252993694789, 0.967077277718, 9.13166713417, -0.930784645692
138.81, 0.0268814558825, 1.655210968, 9.02547549275, -0.917767131585
139.81, 0.02881518966, 2.35939578013, 8.98589897745, -0.905183476713
140.81, 0.0311942494945, 3.06891940649, 9.01891710202, -0.893614251574
141.81, 0.0341317820983, 3.73542339865, 9.15521740395, -0.885883923584
142.81, 0.0382073838114, 4.38060776584, 9.43886041532, -0.882783934103
143.81, 0.043580992258, 5.07724817049, 9.75118455716, -0.881119252399
144.81, 0.0500526959568, 5.83133594068, 10.0024883681, -0.882232289465
145.81, 0.0572192762544, 6.62323811473, 10.1639557853, -0.886920906492
146.81, 0.0642113039003, 7.43407465195, 10.2299099786, -0.894950844854
147.81, 0.0695345004214, 8.24913594681, 10.2034457313, -0.905746808983
148.81, 0.071527246613, 9.05743845847, 10.0910231825, -0.917850759314
149.81, 0.0695007988224, 9.85091568308, 9.90025315963, -0.929895730586
150.81, 0.0643687828533, 10.6253777866, 9.64109021256, -0.942115991649
151.81, 0.0587784141303, 11.4558487924, 9.40540907689, -0.957895528459
152.81, 0.0537684508726, 12.4832344797, 9.29170721087, -0.973972089105
153.81, 0.0483281771562, 13.7050162063, 9.25753006119, -0.987176343621
154.81, 0.0425130810191, 15.0318624031, 9.24149534077, -0.99600250239
155.81, 0.0369899915323, 16.4019652273, 9.22622092559, -0.991445556884
156.81, 0.0320910824174, 17.7894022777, 9.21080699781, -0.973607919343
157.81, 0.0279317068876, 19.1488025038, 9.18478013204, -0.947887939458
158.81, 0.0254166990346, 20.0603670075, 9.13731262049, -0.933605334138
159.81, 0.0246407072908, 20.3479781879, 9.10503988263, -0.933773282504
160.81, 0.0251187051804, 20.2963150258, 9.25120106207, -0.932680256435
161.81, 0.0266334127026, 20.1542706538, 9.70408507415, -0.919482670966
162.81, 0.028298854484, 20.0791835385, 10.2390063437, -0.909772837461
163.81, 0.0298468402963, 20.0951834996, 10.7984503319, -0.905544253214
164.81, 0.0313911220546, 20.1470004215, 11.3800638518, -0.905143883294
165.81, 0.0330216262019, 20.1833821536, 11.9577408773, -0.907798154517
166.81, 0.0347653862621, 20.1886043293, 12.5152034988, -0.912696145763
167.81, 0.036604501281, 20.1712995893, 13.0522501337, -0.918964628165
168.81, 0.0382610642994, 20.1458723175, 13.505188054, -0.925987619858
169.81, 0.0392102045527, 20.1073435741, 13.7191313844, -0.933208076382
170.81, 0.0398349637889, 20.0429234604, 13.791977265, -0.940176941211
171.81, 0.0416265890003, 19.7373949028, 13.7819246424, -0.942175701435
172.81, 0.0451947452832, 19.1256598956, 13.6818231841, -0.926103424151
173.81, 0.0496633886673, 18.4411005391, 13.5719799106, -0.907976030479
174.81, 0.0553027010243, 17.7383821421, 13.5290277279, -0.889913071615
175.81, 0.0625276400978, 17.0300934439, 13.5620441301, -0.871370239902
176.81, 0.0717230489323, 16.3662279548, 13.7028649713, -0.857742706573
177.81, 0.0846986457048, 15.7237463671, 13.9934678119, -0.852297601059
178.81, 0.103253175777, 15.0283924614, 14.3111164339, -0.852125271392
179.81, 0.12939260115, 14.2748475223, 14.5671550203, -0.855185209796
180.81, 0.147982915102, 13.8173359123, 14.6084882119, -0.850918255326
181.81, 0.135358132826, 13.8954761348, 14.2343218802, -0.842932756653
182.81, 0.119609540534, 13.9758832982, 13.6982676212, -0.842653054482
183.81, 0.11218185982, 13.8339458379, 13.2076472151, -0.849274242276
184.81, 0.11192025216, 13.476441338, 12.8064553329, -0.859601272911
185.81, 0.11348623208, 13.0092526848, 12.4262024519, -0.871444691736
186.81, 0.112178886648, 12.545949892, 12.0401666306, -0.885224557071
187.81, 0.106981670059, 12.1447602382, 11.6609500456, -0.900854286653
188.81, 0.101966077835, 11.9237302236, 11.415455168, -0.915508804639
189.81, 0.0991637475482, 11.8987456805, 11.3222093699, -0.926346156167
190.81, 0.0979546644855, 11.9689432497, 11.3143563252, -0.933918386558
191.81, 0.0970084775737, 12.1138752072, 11.3479446092, -0.937177601828
192.81, 0.0932297924084, 12.4996991153, 11.410296779, -0.921184140016
193.81, 0.0871603908659, 13.0015813787, 11.4621408599, -0.905821243503
194.81, 0.0801214425841, 13.5251845944, 11.4740945767, -0.897501337567
195.81, 0.0730673962898, 14.0519323286, 11.4478451186, -0.894340935029
196.81, 0.0664661563238, 14.5681193465, 11.3827767441, -0.894973131718
197.81, 0.0605151442114, 15.0883129424, 11.3005339103, -0.897903333392
198.81, 0.0553409115831, 15.6217388568, 11.2288243461, -0.902167136445
199.81, 0.0509205491737, 16.1650731884, 11.180963428, -0.90727306112
200.81, 0.0471321880577, 16.711327958, 11.1568142048, -0.912922591405
201.81, 0.043842911068, 17.2549348615, 11.1508802174, -0.918901142305
202.81, 0.0410855130609, 17.7650920347, 11.156549468, -0.925142878888
203.81, 0.0396996322052, 18.0557941344, 11.177466894, -0.931736408882
204.81, 0.0395749941836, 18.1240690943, 11.2227666618, -0.936905637028
205.81, 0.0400341070807, 18.0810929137, 11.2729058698, -0.940607475451
206.81, 0.0413259536021, 18.0189880687, 11.4681998472, -0.940726339233
207.81, 0.0437058181943, 17.9861723142, 11.8921575904, -0.934057489194
208.81, 0.046098178372, 18.0009948472, 12.3500511965, -0.933191054565
209.81, 0.0473706453377, 18.0515548185, 12.6394536212, -0.935992139837
210.81, 0.0479197835859, 18.0834206582, 12.7768162385, -0.939062454134
211.81, 0.0482187723323, 18.0777271348, 12.8223884108, -0.941431038749
212.81, 0.0493296129941, 17.9189449086, 12.8132645714, -0.93731972701
213.81, 0.0521794287652, 17.5019743234, 12.7537581612, -0.921561325204
214.81, 0.0561413559524, 16.9900788023, 12.7032555299, -0.909659963121
215.81, 0.0611520030177, 16.4531818381, 12.69619997, -0.903242598342
216.81, 0.0673358249798, 15.9248639083, 12.7455390005, -0.901337541585
217.81, 0.075028376062, 15.3904037459, 12.8257011427, -0.902155353025
218.81, 0.0843479513607, 14.8448538407, 12.8984090674, -0.904683197858
219.81, 0.0954275255508, 14.2950670379, 12.9445573473, -0.908390707333
220.81, 0.10870063786, 13.7480977224, 12.9646838773, -0.912871335483
221.81, 0.124969815889, 13.2074559535, 12.966370669, -0.917798401676
222.81, 0.14540828718, 12.6738613249, 12.958266482, -0.922933826425
223.81, 0.168700446593, 12.1934257366, 12.9467071757, -0.928340548523
224.81, 0.180971205991, 11.952680531, 12.9223120089, -0.934018139433
225.81, 0.179424223084, 11.920617287, 12.8773275681, -0.938589507885
226.81, 0.185043256679, 11.9754220455, 12.9928623642, -0.942344716169
227.81, 0.221010580433, 12.0080542491, 13.4446860206, -0.944067075391
228.81, 0.273545732571, 11.9729288268, 13.9275867459, -0.946588538493
229.81, 0.312781358353, 11.9310352075, 14.2232743164, -0.947293994304
230.81, 0.323799842855, 11.9360239211, 14.3397623473, -0.947379358565
231.81, 0.31621547303, 11.9746184085, 14.3485919179, -0.947249844945
232.81, 0.282088733117, 12.1407920919, 14.3224522734, -0.946755721344
233.81, 0.22275481021, 12.5599131748, 14.2855443307, -0.938937816716
234.81, 0.178222911071, 13.070845438, 14.2616501678, -0.932858780034
235.81, 0.149663551977, 13.5943871803, 14.2881776701, -0.929655492928
236.81, 0.129814246154, 14.1260856832, 14.3529940424, -0.928069496368
237.81, 0.114320287897, 14.6703073854, 14.4194390218, -0.927365661467
238.81, 0.101396034679, 15.2206167047, 14.4637540942, -0.927345811649
239.81, 0.0903745140317, 15.7687953471, 14.4823197934, -0.927978847849
240.81, 0.0809315140156, 16.3106075608, 14.4811452674, -0.92922942825
241.81, 0.0728396298021, 16.8451223546, 14.4688439187, -0.931043622321
242.81, 0.0658874700317, 17.3725130665, 14.4510819331, -0.933355919276
243.81, 0.0603119723181, 17.8531976532, 14.4312981014, -0.93611471336
244.81, 0.057613939212, 18.1001295818, 14.4071870954, -0.939176281643
245.81, 0.0570242908522, 18.1344777251, 14.3677507449, -0.941845916458
246.81, 0.0580403779686, 18.0666332164, 14.4212940999, -0.945082135632
247.81, 0.0615357006039, 18.0058101954, 14.8510484092, -0.942111928833
248.81, 0.0645838499525, 18.0366936033, 15.3471073739, -0.940187673279
249.81, 0.0660214622348, 18.1010261471, 15.67092326, -0.940578468906
250.81, 0.0667818408715, 18.1188513751, 15.8146969293, -0.941997698369
251.81, 0.0673384605018, 18.0906616178, 15.841661818, -0.943301291626
252.81, 0.0686771598798, 17.9798068466, 15.8212844113, -0.943646399202
253.81, 0.0740394224082, 17.5868461316, 15.7896404186, -0.930150798174
254.81, 0.0821616919832, 17.065016796, 15.7579086957, -0.916474307577
255.81, 0.0923783514559, 16.518822103, 15.7566798513, -0.908300214796
256.81, 0.104927798941, 15.9806356063, 15.8039285449, -0.90509685715
257.81, 0.120585350723, 15.4347095965, 15.8752241511, -0.904925707176
258.81, 0.139512353056, 14.8813591121, 15.9353767731, -0.906755905869
259.81, 0.16167820342, 14.3287493564, 15.9688614485, -0.90996324083
260.81, 0.187570155823, 13.7826792498, 15.9780573592, -0.914049362925
261.81, 0.218960685953, 13.2449165555, 15.9713600229, -0.918629341632
262.81, 0.260193343721, 12.7147522136, 15.9571343357, -0.923434929585
263.81, 0.315970025591, 12.2244500268, 15.9399357768, -0.928482668253
264.81, 0.358815729493, 11.9614439555, 15.9165171514, -0.933928867526
265.81, 0.368804711868, 11.9162071289, 15.8748889966, -0.93850478611
266.81, 0.355753613394, 11.9704194841, 15.9773754645, -0.942991192104
267.81, 0.343901766995, 12.0143220386, 16.4269541846, -0.94513293586
268.81, 0.357802250257, 11.9840385519, 16.9034560243, -0.947345489113
269.81, 0.379774051727, 11.9391453194, 17.1938355065, -0.947526829041
270.81, 0.390579457851, 11.9389971182, 17.3109191684, -0.947155926253
271.81, 0.389595852689, 11.9740214454, 17.3233358493, -0.946699383759
272.81, 0.379030838478, 12.097385715, 17.2999584145, -0.946741806801
273.81, 0.348297992236, 12.5006978333, 17.2731939336, -0.939974533384
274.81, 0.307230255449, 13.0241654024, 17.248397957, -0.933846871185
275.81, 0.267390937064, 13.5652117238, 17.2582199977, -0.930679364575
276.81, 0.232281792431, 14.1024696132, 17.3133062825, -0.929139780147
277.81, 0.199746031622, 14.6488883485, 17.3843113877, -0.928430147197
278.81, 0.170059496201, 15.2016647169, 17.4396510592, -0.928305950319
279.81, 0.144603524419, 15.7528274383, 17.4684545468, -0.928794547742
280.81, 0.123743518407, 16.2972884238, 17.4747431605, -0.929902645191
281.81, 0.106932325324, 16.833690244, 17.4670938525, -0.93159365137
282.81, 0.0933566264537, 17.3627938793, 17.4528130859, -0.933797643811
283.81, 0.0830530089653, 17.8453952067, 17.4359030252, -0.936447597774
284.81, 0.0782861949553, 18.0943313052, 17.4123495257, -0.939423133185
285.86, 0.0773749256504, 18.1288392936, 17.3688766871, -0.94211587656
286.81, 0.0791881234373, 17.9898687603, 17.2769903336, -0.941561395741
287.81, 0.0838878393036, 17.6342768965, 17.0383804057, -0.934135571053
288.81, 0.0888932426625, 17.2308907044, 16.7200751156, -0.928961227565
289.81, 0.0928324376888, 16.8480589073, 16.3535887038, -0.928517694318
290.81, 0.095278505844, 16.5016118813, 15.9556733095, -0.931009542279
291.81, 0.0963170398239, 16.188974332, 15.5354346516, -0.934413265602
292.81, 0.0968707927126, 15.8760639022, 15.1038461039, -0.937948203277
293.81, 0.097675701585, 15.5424772729, 14.677129884, -0.94150950374
294.81, 0.0985391427503, 15.2699544119, 14.3517057545, -0.944007531785
295.81, 0.0996774560221, 15.1234854866, 14.2217773353, -0.945400143901
296.81, 0.101249558644, 15.0578355873, 14.2282017979, -0.946115533462
297.81, 0.105672653415, 14.8930129991, 14.261132544, -0.944630593234
298.81, 0.116114951086, 14.4630491165, 14.2123833447, -0.933097457095
299.81, 0.131556501298, 13.9199112478, 14.1130214258, -0.922083075442
300.81, 0.153868994251, 13.3446965756, 14.02135027, -0.913983523881
301.81, 0.187006308823, 12.7787922929, 13.965995237, -0.908612359465
302.81, 0.238455083715, 12.2337803485, 13.9431068875, -0.905396572366
303.81, 0.323201937455, 11.7051239669, 13.9370224549, -0.903691521084
304.81, 0.469500511332, 11.1853610787, 13.9367108921, -0.902991882261
305.81, 0.705271065586, 10.6696200653, 13.9359736689, -0.9029620492
306.81, 0.928543742323, 10.1564519258, 13.9331447726, -0.903398471168
307.81, 0.85316230087, 9.64623414509, 13.9283756314, -0.90418725008
308.81, 0.594101185209, 9.1390561889, 13.92188471, -0.905250043841
309.81, 0.395900360405, 8.63435424864, 13.9137265617, -0.906535921718
310.81, 0.278001372176, 8.13154682608, 13.9039597279, -0.90787971012
311.81, 0.207828228646, 7.62973306107, 13.8926844331, -0.909349739975
312.81, 0.163618030025, 7.1284529503, 13.8810741, -0.910915480403
313.81, 0.138569963603, 6.77905147258, 13.7595777539, -0.90770885756
314.81, 0.124402103843, 6.66807243214, 13.4378124261, -0.89872559884
315.81, 0.108816672208, 6.50629934188, 13.0597452542, -0.893758926372
316.81, 0.0922342828787, 6.21368366902, 12.663102158, -0.893150382935
317.81, 0.0778736493428, 5.84173611816, 12.2595718898, -0.895764701559
318.81, 0.0667526116735, 5.45516335654, 11.8616113783, -0.901152481254
319.81, 0.0583437815514, 5.0856697473, 11.4770646445, -0.908788955899
320.81, 0.0519637439127, 4.74420194257, 11.1150113541, -0.917692332536
321.81, 0.0487078300544, 4.54713826124, 10.8957285472, -0.926102221192
322.81, 0.0480621528113, 4.51982540052, 10.8354184359, -0.933496225822
323.81, 0.0495441317365, 4.68469112313, 10.8720940534, -0.93095567997
324.81, 0.0535755538805, 5.11086252143, 10.9506178056, -0.913683141474
325.81, 0.0587181577628, 5.62592377527, 11.0057076584, -0.900988282644
326.81, 0.0642354836447, 6.16432140266, 11.0162477825, -0.894456580192
327.81, 0.0694496698471, 6.69495314915, 10.9777643906, -0.892717935788
328.81, 0.0740548112618, 7.22089709342, 10.9021807099, -0.894200569785
329.81, 0.0783566643131, 7.75677347213, 10.8238927136, -0.897565906281
330.81, 0.0825330240261, 8.30178794849, 10.7674444201, -0.902144783933
331.81, 0.0863743548016, 8.84912817479, 10.7378469029, -0.907523402217
332.81, 0.0894081196674, 9.39350675648, 10.729525355, -0.913389874848
333.81, 0.0911362086438, 9.93199449506, 10.7350733502, -0.919516126677
334.81, 0.0912954594979, 10.4239551777, 10.7473710867, -0.925872242857
335.81, 0.0913464669172, 10.6822374586, 10.7725367906, -0.932361255551
336.81, 0.0927049494991, 10.7283871588, 10.8199428214, -0.937552441381
337.81, 0.0982723636558, 10.6810128012, 10.9746395588, -0.941341163661
338.81, 0.11638857772, 10.6172856761, 11.3960612751, -0.935451822621
339.81, 0.144775656049, 10.5951417836, 11.8752354802, -0.933743848761
340.81, 0.169156264577, 10.632954887, 12.1834834918, -0.935996712912
341.81, 0.183136222678, 10.6715995349, 12.3337172567, -0.938874070704
342.81, 0.189047041033, 10.6769013353, 12.3898029001, -0.941081142019
343.81, 0.191949471636, 10.5380642869, 12.3874828599, -0.937988057604
344.81, 0.189581869915, 10.1232224867, 12.3240414292, -0.922349536706
345.81, 0.180149324861, 9.60612662577, 12.2686688704, -0.910236796343
346.81, 0.166384514597, 9.06023597107, 12.2548405368, -0.903539186462
347.81, 0.152079494638, 8.52565333455, 12.2952586548, -0.901408995386
348.81, 0.137416949967, 7.99153371427, 12.3745839476, -0.90215420703
349.81, 0.12172858632, 7.44663901819, 12.4544367365, -0.904614231046
350.81, 0.106409245594, 6.89637440637, 12.5098167351, -0.908275478445
351.81, 0.0928937374214, 6.34810519291, 12.5375911117, -0.912746447931
352.81, 0.0816022884018, 5.80585464958, 12.5448586619, -0.917695193924
353.81, 0.0723354702164, 5.27069197869, 12.5404413527, -0.922869668773
354.81, 0.0654278137315, 4.79662726846, 12.5309879795, -0.928350654706
355.81, 0.0622722253689, 4.56650777923, 12.505795915, -0.934063342491
356.81, 0.0615253348879, 4.53895655985, 12.4590222709, -0.938614483086
357.81, 0.0632677304237, 4.59140299669, 12.5820459301, -0.942466751697
358.81, 0.0678033870483, 4.61603539965, 13.0401426316, -0.944213439292
359.81, 0.0715500677691, 4.57285893775, 13.5200492532, -0.946484478517
360.81, 0.0734228860689, 4.52979125805, 13.8091413929, -0.947063888319
361.81, 0.074503681026, 4.53670300309, 13.9195775779, -0.947093891524
362.81, 0.0752356535255, 4.57676580641, 13.9245442288, -0.946961860123
363.81, 0.078195063587, 4.75587155553, 13.8974740804, -0.945770672878
364.81, 0.0863051734729, 5.17747083194, 13.8595742767, -0.937770579694
365.81, 0.0985502322886, 5.68292365414, 13.8392017687, -0.931876413903
366.81, 0.115820757758, 6.20182238214, 13.8713763835, -0.928830770522
367.81, 0.141082164578, 6.73176681844, 13.938548568, -0.927364906038
368.81, 0.179769106633, 7.27505756172, 14.0040695064, -0.92676898888
369.81, 0.242605825205, 7.82467370972, 14.0464989881, -0.92685444993
370.81, 0.352681238133, 8.3724757392, 14.0635951064, -0.927578649767
371.81, 0.556920170983, 8.91390824317, 14.0615864941, -0.928899916398
372.81, 0.899009204599, 9.44797806586, 14.0490268231, -0.930778535015
373.81, 1.13644263153, 9.97445767749, 14.031161114, -0.93315075949
374.81, 0.919320444647, 10.4547378732, 14.0114512443, -0.93596899988
375.81, 0.735114669058, 10.7014329165, 13.9876180083, -0.939066499911
376.81, 0.682799191944, 10.7356062561, 13.9486499695, -0.941772724756
377.81, 0.836220703023, 10.6778142731, 14.0733822142, -0.942947390542
378.81, 1.66077023274, 10.6407244743, 14.5280871331, -0.93869353398
379.81, 2.28433222358, 10.6746808599, 15.0060393727, -0.937878514869
380.81, 1.75441762195, 10.7198997799, 15.2983188522, -0.939552894555
381.81, 1.56295082177, 10.7193288859, 15.4164441827, -0.94159920007
382.81, 1.65074679611, 10.6834629442, 15.4292412485, -0.943284085496
383.81, 2.48278116877, 10.5059446721, 15.4048204147, -0.939862538448
384.81, 7.01118870159, 10.0856930106, 15.3633084005, -0.924359053724
385.81, 3.46998060748, 9.57873485946, 15.3356127413, -0.912104250856
386.81, 1.08306973347, 9.05865460881, 15.3611469628, -0.905711616866
387.81, 0.528328702988, 8.52962509193, 15.4271651171, -0.903543094853
388.81, 0.330031527998, 7.98711283947, 15.4956976904, -0.904071780998
389.81, 0.236347855802, 7.43741681365, 15.5420694141, -0.906400719645
390.81, 0.183007396174, 6.88896962532, 15.5622091999, -0.909921048717
391.81, 0.148529113502, 6.34663963614, 15.562171339, -0.914172105654
392.81, 0.124293940129, 5.81176819693, 15.5505840944, -0.918816525261
393.81, 0.106274790198, 5.28405866406, 15.5333679871, -0.923649094294
394.81, 0.0932954551508, 4.80300659625, 15.514009468, -0.928757665588
395.81, 0.0874939931555, 4.55577944332, 15.4898696479, -0.934135468559
396.81, 0.0864680651174, 4.52126804146, 15.4500245368, -0.938646875717
397.81, 0.0885852787925, 4.57753854414, 15.5748992493, -0.942382405136
398.81, 0.0925952064659, 4.61382793792, 16.0280311789, -0.944186320746
399.81, 0.0949971681884, 4.58132770714, 16.50349251, -0.946765755092
400.81, 0.095804361775, 4.53842656738, 16.7928104849, -0.94741295438
401.81, 0.0965693916753, 4.54039475981, 16.9088755943, -0.947383951915
402.81, 0.0975236815708, 4.57643914216, 16.9208023852, -0.947149533421
403.81, 0.101913758955, 4.75518873591, 16.8968541017, -0.945778559412
404.81, 0.113599429276, 5.17598964579, 16.856262864, -0.937728217029
405.81, 0.130700987267, 5.68263813719, 16.8303687563, -0.931917391704
406.81, 0.152987639479, 6.20243030947, 16.8578467371, -0.929016342805
407.81, 0.181912725142, 6.73159595545, 16.9245766411, -0.927668299519
408.81, 0.219346533591, 7.27410826531, 16.9928679082, -0.927132324611
409.81, 0.266601791348, 7.82359644018, 17.038893434, -0.927227763665
410.81, 0.323568822876, 8.37176552389, 17.0590249986, -0.927933776897
411.81, 0.386486080466, 8.91384109047, 17.0593009021, -0.929225114327
412.81, 0.444098140448, 9.44851641057, 17.0482847895, -0.931060798301
413.81, 0.477756995843, 9.97604984959, 17.0317109085, -0.933384381119
414.81, 0.476516204219, 10.4569349806, 17.0129747864, -0.936147426154
415.81, 0.465830573957, 10.704018487, 16.9893084053, -0.939213036827
416.81, 0.466691170618, 10.7385160289, 16.9497810233, -0.941879592494
417.81, 0.48958702784, 10.5865723008, 16.8483548397, -0.940943744883
418.81, 0.575011764227, 10.2287046511, 16.605555719, -0.93335658553
419.81, 0.755633743673, 9.8292128463, 16.2872990102, -0.928439874181
420.81, 0.999770791849, 9.44882078419, 15.9219346163, -0.928200875945
421.81, 1.04205986164, 9.1067644851, 15.5248361848, -0.930714990544
422.81, 0.77865717732, 8.79534796081, 15.1043725607, -0.934080224823
423.81, 0.495580996971, 8.4800487677, 14.6733292343, -0.937587876885
424.81, 0.32014254881, 8.14304779949, 14.2484356071, -0.94114973388
425.81, 0.239257843994, 7.86785174561, 13.9254644449, -0.943705271153
426.81, 0.211690818051, 7.72063109701, 13.798296476, -0.945195044277
427.81, 0.20535174992, 7.65581573328, 13.8071101146, -0.945985343852
428.81, 0.191286744374, 7.49019774066, 13.8450057776, -0.944820295591
429.81, 0.156012826315, 7.05669678408, 13.8036417877, -0.934427786155
430.81, 0.124713021472, 6.50966504233, 13.7125196743, -0.924834959167
431.81, 0.10240498533, 5.93059100004, 13.6296666412, -0.918282641894
432.81, 0.0870789178968, 5.36240973618, 13.5836546923, -0.914529442924
433.81, 0.0761003102952, 4.81663699857, 13.5704165749, -0.912982603133
434.81, 0.0676892358078, 4.28800679371, 13.5739500304, -0.91297928582
435.81, 0.060878802547, 3.76844112006, 13.5830569454, -0.913998493794
436.81, 0.0551640789634, 3.25281541479, 13.5916170673, -0.915696026151
437.81, 0.0502801162052, 2.73975105414, 13.5979862806, -0.917864991336
438.81, 0.0460617442411, 2.22937841357, 13.6023356526, -0.920389701025
439.81, 0.042387504873, 1.72198388116, 13.6048947207, -0.92319231826
440.81, 0.0391601604174, 1.21718546705, 13.6057570522, -0.926209306978
441.81, 0.0363026341487, 0.714212271999, 13.6049819491, -0.929282258179
442.81, 0.0338227539725, 0.226274428177, 13.6029869966, -0.932496205608
443.81, 0.0323632460315, -0.0893050503114, 13.6057667267, -0.936286641591
444.81, 0.0322000860608, -0.193096375926, 13.747985614, -0.937344877902
445.81, 0.0336656814131, -0.0679398659673, 14.1700594873, -0.929521416589
446.81, 0.0354404494492, 0.0649298392132, 14.6964820836, -0.924134320849
447.81, 0.036681782264, 0.0873886632401, 15.2425629268, -0.921976945058
448.81, 0.0374250944501, 0.0257357151791, 15.8111774536, -0.921723669202
449.81, 0.0379813923087, -0.051495433737, 16.3885409213, -0.92276722258
450.81, 0.0385426034112, -0.104420565492, 16.9530771847, -0.925164266789
451.81, 0.0391301932984, -0.129906201316, 17.4970170967, -0.928864367463
452.81, 0.039656774218, -0.138230963381, 17.9847575223, -0.933368212392
453.81, 0.0400568699278, -0.120075282683, 18.2544570923, -0.937815588353
454.81, 0.040683262771, -0.0435985631278, 18.3811200416, -0.942541754604
455.81, 0.0435909846139, 0.374160633672, 18.3665774008, -0.938193794562
456.81, 0.0484345223795, 0.999427579012, 18.2364636329, -0.926871795688
457.81, 0.0547348022424, 1.68458258373, 18.0939506811, -0.913681983535
458.81, 0.0626621713923, 2.38288396494, 18.0177272462, -0.900771034814
459.81, 0.0728963981631, 3.09339541854, 18.0289295336, -0.888751946139
460.81, 0.0855844375469, 3.77445207435, 18.1279078962, -0.880135268565
461.81, 0.101522302736, 4.41361876276, 18.3804426248, -0.877459058292
462.81, 0.124087054741, 5.08763214819, 18.7051854324, -0.877262957208
463.81, 0.158260554597, 5.82338431262, 18.9871065729, -0.878941975225
464.81, 0.212667774412, 6.6042125319, 19.1843727231, -0.883663078506
465.81, 0.306310009528, 7.41020918278, 19.2863556626, -0.891504982312
466.81, 0.490188337025, 8.22529286477, 19.2941801611, -0.902078863179
467.81, 0.915867241997, 9.03731261856, 19.213537986, -0.914298813108
468.81, 1.40018811543, 9.83727030239, 19.0517848715, -0.926619853498
469.81, 0.949920097243, 10.6187540621, 18.8169140265, -0.938597332876
470.81, 0.714615988935, 11.4074605126, 18.5520075103, -0.953380916045
471.81, 0.644585663567, 12.352231566, 18.3935705777, -0.969985555153
472.81, 0.436373761075, 13.510808159, 18.3407228039, -0.984979720647
473.81, 0.239607587095, 14.8090797898, 18.3247307315, -0.995458806838
474.81, 0.144249166818, 16.1675898962, 18.3118845001, -0.993264937178
475.81, 0.0963826223736, 17.5503660239, 18.2989530166, -0.977561011478
476.81, 0.0692771198333, 18.9299718396, 18.2804996005, -0.952414977767
477.81, 0.0558487688745, 19.9593472831, 18.2348538335, -0.934784207764
478.81, 0.0516519917407, 20.357699029, 18.2006506346, -0.933194842726
479.81, 0.0517729391869, 20.369317756, 18.2983799199, -0.933674025899
480.81, 0.0544513895541, 20.2043649774, 18.7324113943, -0.921832769194
481.81, 0.0571945717694, 20.0595921035, 19.2799001088, -0.911700349847
482.81, 0.0585234176693, 20.027382977, 19.8409555948, -0.907227840719
483.81, 0.0586371210737, 20.0745934103, 20.4241922462, -0.906503325704
484.81, 0.0582992425784, 20.1322308363, 21.0150573477, -0.908548495964
485.81, 0.0579749407062, 20.1621122198, 21.5867735935, -0.912956602092
486.81, 0.0577181358489, 20.1631277181, 22.1325866821, -0.918974789149
487.81, 0.0574824356566, 20.1487063392, 22.5876837187, -0.925916695271
488.81, 0.0576450859217, 20.1132395539, 22.8024943191, -0.933025096747
489.81, 0.0584662436344, 20.0361272562, 22.8768856823, -0.940435802318
490.81, 0.0637670213592, 19.6265796911, 22.859188199, -0.934839648434
491.81, 0.0737518737521, 18.9876593524, 22.7544228738, -0.916978081609
492.81, 0.0873652946178, 18.2987452152, 22.6434153201, -0.898737208867
493.81, 0.105255460166, 17.5965756219, 22.5971177535, -0.880726363828
494.81, 0.129319746454, 16.881231982, 22.6183450803, -0.861862273265
495.81, 0.142866967994, 16.567008614, 22.5179878963, -0.845861518519
496.81, 0.14079113022, 16.645267534, 22.141486543, -0.840908583139
497.81, 0.14238779338, 16.6429457114, 21.6808406623, -0.846230863568
498.81, 0.153367780129, 16.4390355717, 21.2988704159, -0.856447899588
499.81, 0.175936316261, 16.0679314886, 20.9887640481, -0.868187513862
500.81, 0.211944338065, 15.6178839722, 20.6827762305, -0.880265490339
501.81, 0.263905365294, 15.166913767, 20.3461974352, -0.893023486127
502.81, 0.33314780704, 14.7589163028, 19.9908890527, -0.90656458262
503.81, 0.385975169842, 14.5181011957, 19.7460776775, -0.919313971273
504.81, 0.393994622296, 14.4703285983, 19.635098452, -0.928976896493
505.81, 0.377258022013, 14.5244988122, 19.6045905151, -0.935616389938
506.81, 0.329665567846, 14.7304410964, 19.6295883771, -0.929020339437
507.81, 0.259779597775, 15.1541658327, 19.7078475734, -0.910957838787
508.81, 0.205617083723, 15.6464443164, 19.7702765585, -0.899018687081
509.81, 0.167262321846, 16.1508598797, 19.7850918272, -0.893715683014
510.81, 0.139491455184, 16.6514405257, 19.7483943811, -0.89284984985
511.81, 0.118420177786, 17.1505396653, 19.6706983202, -0.894842126445
512.81, 0.101582579591, 17.6646529758, 19.5840183737, -0.898417895196
513.81, 0.0879151079337, 18.1965242387, 19.513796597, -0.902943050361
514.81, 0.0768056204085, 18.7392494763, 19.4686481445, -0.908101712535
515.81, 0.0677435478989, 19.2848940929, 19.4460474187, -0.913679251926
516.81, 0.0602967818272, 19.8276114386, 19.4404805918, -0.919511513142
517.81, 0.0544042258255, 20.3368361302, 19.4454910188, -0.92556968318
518.81, 0.0514618450606, 20.6262295721, 19.4657220733, -0.932008246323
519.81, 0.0508741455251, 20.6928067371, 19.5102792379, -0.937071671916
520.81, 0.0513736081587, 20.6485300758, 19.5596141437, -0.940699499959
521.81, 0.0522550416479, 20.584523885, 19.7462430104, -0.941414932002
522.81, 0.0530575912214, 20.5517766372, 20.1720409868, -0.934768684848
523.81, 0.0532464254137, 20.5672651407, 20.6336049682, -0.933659841503
524.81, 0.0528425443943, 20.6188614118, 20.9252084885, -0.936282428516
525.81, 0.0525446628607, 20.6515580957, 21.0637101009, -0.939263090793
526.81, 0.0526109734896, 20.6460581306, 21.1098240938, -0.941562270782
527.81, 0.0544183486898, 20.474571734, 21.0980968147, -0.936566636048
528.81, 0.0592458856678, 20.0551007769, 21.0364485706, -0.920715195176
529.81, 0.0660384792703, 19.5457661394, 20.9859676774, -0.909077919303
530.81, 0.0745050300949, 19.0136643576, 20.9819563756, -0.902949820504
531.81, 0.0846317235022, 18.488187167, 21.0352581985, -0.901226432304
532.81, 0.0972148230458, 17.9548271834, 21.1164379576, -0.902139971624
533.81, 0.113211061912, 17.410026478, 21.1878112358, -0.904729125717
534.81, 0.133715205017, 16.8608715255, 21.2321954816, -0.908468129724
535.81, 0.160297041346, 16.3143713518, 21.2510774216, -0.912955732174
536.81, 0.195496812288, 15.7740421719, 21.2520934124, -0.917873838208
537.81, 0.243632303117, 15.2406711941, 21.2437018642, -0.922992738479
538.81, 0.305091200233, 14.7605176809, 21.2318927218, -0.92838318735
539.81, 0.346614479114, 14.5200973308, 21.2075563905, -0.934039827168
540.81, 0.355593654947, 14.4879971362, 21.162507962, -0.938610825911
541.81, 0.337749336194, 14.5413759336, 21.2928378456, -0.941969396457
542.81, 0.309628901212, 14.5723096605, 21.7502684364, -0.943679453177
543.81, 0.297753712598, 14.5368461335, 22.2230063056, -0.946070435582
544.81, 0.296943974828, 14.4981871378, 22.5056197948, -0.946721802593
545.81, 0.295139352749, 14.5057711208, 22.6137165536, -0.946760874576
546.81, 0.29080253948, 14.5446870882, 22.619209049, -0.946619972765
547.81, 0.271735360203, 14.7261016215, 22.5932423826, -0.945688314934
548.81, 0.232273104179, 15.1496550775, 22.5557466815, -0.937706414588
549.81, 0.193634414094, 15.6561720818, 22.5360208273, -0.931778557395
550.81, 0.161996319411, 16.1756744736, 22.5690844868, -0.928704340239
551.81, 0.136429747497, 16.7059773885, 22.6371433876, -0.927220440621
552.81, 0.115768808573, 17.2494672181, 22.7034298322, -0.926620397085
553.81, 0.0992366856575, 17.7991297969, 22.7465489924, -0.926715218171
554.81, 0.0860550688064, 18.3468815585, 22.7643392879, -0.927460357831
555.81, 0.0754687796818, 18.88827629, 22.7631157217, -0.92881387107
556.81, 0.066847684092, 19.4222525705, 22.7513881293, -0.930723135868
557.81, 0.0597243728747, 19.9490654039, 22.7344117867, -0.933126993509
558.81, 0.0541880768548, 20.4292485316, 22.7154811882, -0.935972789461
559.81, 0.0516573291789, 20.675652764, 22.6920172452, -0.939099675961
560.81, 0.051356917824, 20.7096557224, 22.6531501407, -0.94180994921
561.81, 0.0517894036738, 20.6525920709, 22.7878379437, -0.942644962792
562.81, 0.0515886035974, 20.6159263799, 23.2443071816, -0.938265455448
563.81, 0.0505372688698, 20.6473437763, 23.7191193384, -0.93758452827
564.81, 0.0496278471589, 20.6886777256, 24.0069433292, -0.939398668771
565.81, 0.0494377025553, 20.685561651, 24.1217335652, -0.941503522351
566.81, 0.0497569021516, 20.6490681619, 24.1328356209, -0.943225096071
567.81, 0.0514420221407, 20.4791780576, 24.1084898198, -0.940200070898
568.81, 0.0559461549348, 20.0598395348, 24.0694224791, -0.92480527635
569.81, 0.0622304187807, 19.5501034828, 24.0426884992, -0.912389474075
570.81, 0.0697018263965, 19.0275309444, 24.0673962481, -0.905854781762
571.81, 0.0786401694942, 18.4970779387, 24.1325426162, -0.903603066845
572.81, 0.0897849787709, 17.9537447709, 24.2007176121, -0.904083989268
573.81, 0.103990024266, 17.4035243503, 24.2469400267, -0.906386969799
574.81, 0.122334100171, 16.8547648796, 24.2668979903, -0.909910517699
575.81, 0.146466200292, 16.3124161842, 24.2667664025, -0.914161741312
576.81, 0.179213267394, 15.7776439021, 24.2550905956, -0.91880791496
577.81, 0.22575665368, 15.2500463816, 24.237777806, -0.923644321606
578.81, 0.289558467778, 14.769071488, 24.2183340302, -0.928757690984
579.81, 0.334859321423, 14.5218971588, 24.1941812732, -0.934137049173
580.81, 0.340504803241, 14.4874114835, 24.154376812, -0.938650230512
581.81, 0.333334336452, 14.5446117145, 24.2815259354, -0.942642290008
582.81, 0.333630307343, 14.5817580848, 24.7369254856, -0.944556447277
583.81, 0.331641632894, 14.5483185704, 25.2057444144, -0.946816552875
584.81, 0.32488939879, 14.5056765285, 25.487570853, -0.947191086513
585.81, 0.315533828908, 14.5080172931, 25.5991491728, -0.946957054636
586.81, 0.306909675994, 14.5437937392, 25.609338134, -0.946610011528
587.81, 0.277199084945, 14.7049617923, 25.5861769404, -0.945960907457
588.81, 0.218679383777, 15.1238453874, 25.5518384383, -0.938308071739
589.81, 0.171625788298, 15.6385012264, 25.5271379044, -0.932407763346
590.81, 0.138783833357, 16.1655519123, 25.5501425072, -0.929409191737
591.81, 0.114957020012, 16.6976332847, 25.6146991551, -0.927989503799
592.81, 0.0970433438346, 17.2414264518, 25.6848337671, -0.927390898918
593.81, 0.0834205947635, 17.791835903, 25.734281525, -0.927424627397
594.81, 0.0728968825861, 18.3408339413, 25.75750697, -0.92808036392
595.81, 0.0645713476875, 18.8835452514, 25.7602063711, -0.929340327713
596.81, 0.0578096227748, 19.4186099495, 25.7508724514, -0.931159102028
597.81, 0.0521901771155, 19.9465956997, 25.7357395112, -0.933476488068
598.81, 0.0477841628644, 20.4280107343, 25.7182871028, -0.936228885049
599.81, 0.0457765882598, 20.6756982276, 25.6950694083, -0.93929491034
600.81, 0.0456029581241, 20.7107100916, 25.655204237, -0.941950496392
601.81, 0.0471741559608, 20.5556405495, 25.5515113336, -0.940860075901
602.81, 0.05113701936, 20.1971555402, 25.3092736183, -0.93317930097
603.81, 0.0563017737421, 19.7986846388, 24.9927255338, -0.92828225627
604.81, 0.0621465919442, 19.4196207979, 24.6290352993, -0.92806390497
605.81, 0.0683371011328, 19.079701634, 24.2330882346, -0.930572314816
606.81, 0.0748442401109, 18.7693929498, 23.8131701825, -0.933925615543
607.81, 0.0821597903238, 18.4541001122, 23.3826130977, -0.937427072277
608.81, 0.0907339324278, 18.1166533655, 22.9582755999, -0.94098734919
609.81, 0.0984240080695, 17.8410682595, 22.6357818669, -0.943545232445
610.81, 0.102741390944, 17.6937373326, 22.508994733, -0.945044804955
611.81, 0.104554890415, 17.6290248257, 22.5180800492, -0.945846040041
612.81, 0.109679148982, 17.4532417926, 22.5582543559, -0.943680889329
613.81, 0.124359968447, 17.0208833118, 22.532351221, -0.931947488395
614.81, 0.14720921851, 16.4793344389, 22.4630939794, -0.921055335057
615.81, 0.178257697948, 15.906381726, 22.4019944222, -0.913009480832
616.81, 0.217918270087, 15.3410698224, 22.374737739, -0.907555820402
617.81, 0.266887809404, 14.7951707393, 22.3780569367, -0.904143698134
618.81, 0.325829818344, 14.2651790418, 22.3975327963, -0.902182155907
619.81, 0.393898573641, 13.7444079932, 22.422824818, -0.901203495706
620.81, 0.467279097883, 13.2281636418, 22.4482221277, -0.900895791068
621.81, 0.541131531439, 12.7148687643, 22.4717066923, -0.901059544016
622.81, 0.619710542557, 12.2046384975, 22.4932210641, -0.901579619575
623.81, 0.73476503738, 11.6974803037, 22.5128766123, -0.902375440756
624.81, 0.98189262911, 11.19286194, 22.5307281658, -0.903390818416
625.81, 1.64839566429, 10.6899954195, 22.5468488524, -0.904499124575
626.81, 3.12596541843, 10.1881868676, 22.5613834803, -0.905700570893
627.81, 2.59383130356, 9.68703842096, 22.5755053857, -0.906990767416
628.81, 1.8875669162, 9.35709732675, 22.4549948146, -0.903065656164
629.81, 2.03106053423, 9.24895731626, 22.1241839221, -0.894295821778
630.81, 1.471363651, 9.07900337094, 21.7392321057, -0.889922670135
631.81, 0.944709627943, 8.77753418707, 21.3394600723, -0.889900614932
632.81, 0.67578911371, 8.40052094812, 20.9350361037, -0.89308836812
633.81, 0.504372082319, 8.01223556711, 20.536920656, -0.899041286411
634.81, 0.387335684125, 7.64268478681, 20.1520481382, -0.907216173122
635.81, 0.309323492104, 7.30185944234, 19.7895571866, -0.916680067193
636.81, 0.274272585271, 7.10523595868, 19.5695382845, -0.925506972989
637.81, 0.269050239029, 7.07826250756, 19.5075929257, -0.933109907709
638.81, 0.293858778809, 7.25382288015, 19.544995508, -0.929443518289
639.81, 0.373749718677, 7.68354374028, 19.6247697407, -0.912085663412
640.81, 0.530142724933, 8.19735803579, 19.6798054847, -0.899752446928
641.81, 0.866050832403, 8.73356108063, 19.6891820615, -0.893543992396
642.81, 1.79942433395, 9.26154624778, 19.6477105441, -0.89207278988
643.81, 4.51591667522, 9.78654420806, 19.5701709559, -0.893725760244
644.81, 3.11958938788, 10.3221617975, 19.4918570138, -0.897214351935
645.81, 1.47760495834, 10.8670051731, 19.4362110769, -0.901888321238
646.81, 1.267548262, 11.4141928304, 19.4073063304, -0.907341971342
647.81, 1.91983036868, 11.9583324144, 19.3992792689, -0.913269938887
648.81, 3.07332355616, 12.4965081548, 19.4047861921, -0.91944946746
649.81, 1.95347532261, 12.9881642592, 19.4168600733, -0.925852295343
650.81, 1.3630638774, 13.2460860008, 19.4418132278, -0.932370883376
651.81, 1.33595185709, 13.2917840773, 19.489031718, -0.937581922221
652.81, 1.74633951139, 13.2437103714, 19.6834954701, -0.938566260931
653.81, 2.35149118717, 13.1771035863, 20.1052277681, -0.932061880186
654.81, 1.56473352608, 13.1614227813, 20.5674038543, -0.931557074448
655.81, 1.06176618213, 13.2013832205, 20.8655758495, -0.934747784606
656.81, 0.897268617412, 13.2360543075, 21.0099340812, -0.938139859623
657.81, 0.857920619885, 13.2362460068, 21.0612028184, -0.940688818548
658.81, 0.971124892962, 13.0739600987, 21.0531079737, -0.936003388618
659.81, 1.32413775951, 12.6547545116, 20.9906988959, -0.920173781198
660.81, 1.42720116373, 12.1426171921, 20.938880774, -0.908491656776
661.81, 1.23978513025, 11.6058001712, 20.93199124, -0.902282269567
662.81, 1.33897571606, 11.0779001317, 20.9824284949, -0.900547748145
663.81, 1.82391479915, 10.5442358175, 21.0644369261, -0.901502642076
664.81, 2.30692991962, 9.9993027551, 21.139402997, -0.904143119291
665.81, 1.77426395628, 9.44979861529, 21.187812296, -0.907949420211
666.81, 1.05220800276, 8.90283817465, 21.2100106506, -0.912521887128
667.81, 0.654813098569, 8.36203545797, 21.2135652899, -0.917537389084
668.81, 0.444943819352, 7.8282143644, 21.2071387237, -0.922759522387
669.81, 0.334294931573, 7.35522522589, 21.1970854058, -0.928274506693
670.81, 0.295806158418, 7.12664443281, 21.1720405284, -0.933986264507
671.81, 0.292277586344, 7.10098481727, 21.1262038478, -0.938496100592
672.81, 0.29869753605, 7.15131073454, 21.2688248018, -0.941681895726
673.81, 0.293416041315, 7.16932045998, 21.7292013555, -0.943183213071
674.81, 0.273070559051, 7.12524964584, 22.2007099757, -0.945553581685
675.81, 0.257713338194, 7.08613871466, 22.4790529532, -0.946329111903
676.81, 0.254813798996, 7.09631428087, 22.5822284972, -0.946490472413
677.81, 0.259704195922, 7.13733905199, 22.5842072582, -0.946466681426
678.81, 0.287030942996, 7.33202589276, 22.5568843001, -0.944627309052
679.81, 0.365019867552, 7.75583113763, 22.5174229673, -0.936435532107
680.81, 0.512229681574, 8.25438034375, 22.5016398679, -0.930678351447
681.81, 0.79574121824, 8.76818528893, 22.5399016275, -0.927767058589
682.81, 1.42499780309, 9.29642038529, 22.609348261, -0.926419488789
683.81, 2.3687361138, 9.83920374225, 22.6739592185, -0.925946323698
684.81, 1.83944092338, 10.3883172137, 22.7146372139, -0.926156163716
685.81, 1.0787050854, 10.9355156747, 22.7304604141, -0.926999046105
686.81, 0.769549011467, 11.4764860433, 22.7279635355, -0.928434543197
687.81, 0.639515875736, 12.0100912125, 22.7154950971, -0.930412910814
688.81, 0.560723657503, 12.5364581875, 22.6979230312, -0.932878925756
689.81, 0.494091004418, 13.0161746535, 22.6785786297, -0.935781749512
690.81, 0.458975518817, 13.2621040325, 22.6550962891, -0.9389465336
691.81, 0.454148042643, 13.2958142887, 22.6168486711, -0.941666336055
692.81, 0.463798173186, 13.2422392719, 22.7653396034, -0.942133812029
693.81, 0.512538798128, 13.2120225546, 23.2229959447, -0.937573147956
694.81, 0.641342195848, 13.244927064, 23.6922176525, -0.937043514068
695.81, 0.778128343344, 13.2830970438, 23.9724389328, -0.939030499826
696.81, 0.863563327206, 13.2769268256, 24.0816721307, -0.941206625352
697.81, 0.901059033322, 13.2393652402, 24.0901363551, -0.942959958986
698.81, 0.98866364441, 13.1032587272, 24.0651907854, -0.942598688447
699.81, 1.23218744926, 12.6942963245, 24.0351474695, -0.928070484331
700.81, 1.15273569333, 12.1746590722, 24.0099105208, -0.914642170277
701.81, 0.862723296873, 11.6403693161, 24.025271252, -0.907097458892
702.81, 0.661831553492, 11.1053552763, 24.0841379545, -0.904252665419
703.81, 0.543740793301, 10.5596469046, 24.1534600393, -0.904354364179
704.81, 0.46475131734, 10.0076785313, 24.2041724313, -0.906427771708
705.81, 0.398082405734, 9.45747156371, 24.2282658642, -0.909815548456
706.81, 0.336388415427, 8.91390211897, 24.2307943069, -0.91401625304
707.81, 0.281449437362, 8.37820815004, 24.2204314764, -0.918659009728
708.81, 0.235325501738, 7.84978825971, 24.2039450779, -0.9235107829
709.81, 0.200687654181, 7.36799584726, 24.1851174411, -0.92864082354
710.81, 0.185938652742, 7.11981138649, 24.1608498475, -0.934070754871
711.81, 0.185477989903, 7.08469403888, 24.1207742956, -0.938522184219
712.81, 0.182549092383, 7.13637176172, 24.265660175, -0.941907305185
713.81, 0.165951001673, 7.16377672089, 24.7222495111, -0.943467589021
714.81, 0.148172237141, 7.1293843571, 25.1927034021, -0.946088088779
715.81, 0.138237884357, 7.09157013477, 25.4735438368, -0.946919942098
716.81, 0.135356016107, 7.0987375415, 25.582118572, -0.947044743296
717.81, 0.136384336903, 7.13710940783, 25.5894700594, -0.946946058834
718.81, 0.143551210503, 7.32791511068, 25.5638871628, -0.945145163807
719.81, 0.160759028946, 7.75084024588, 25.522627639, -0.936949856837
720.81, 0.183448220788, 8.25198940524, 25.5014736686, -0.931202111473
721.81, 0.207956002406, 8.76741708367, 25.5351920875, -0.928329144198
722.81, 0.236171444989, 9.2955476079, 25.6037074829, -0.927002430061
723.81, 0.275783769904, 9.83795942092, 25.6698520696, -0.926513323833
724.81, 0.342447668907, 10.3871432846, 25.7126081307, -0.926679257159
725.81, 0.472392349213, 10.9347411258, 25.7300500301, -0.927463014659
726.81, 0.763473975293, 11.4761420682, 25.7285187929, -0.928831731005
727.81, 1.44442887659, 12.0101721185, 25.7164831698, -0.930741205883
728.81, 2.13907167937, 12.5370259236, 25.6991769428, -0.933136339482
729.81, 1.47278667449, 13.0172240747, 25.6799271897, -0.935969179737
730.81, 1.08957973342, 13.2636241264, 25.6562879557, -0.939079927223
731.81, 1.08749574342, 13.2973861049, 25.6173637397, -0.941770701817
732.81, 1.63054787809, 13.1316230054, 25.5067794219, -0.939818294419
733.81, 6.89627081595, 12.7730724756, 25.2619576118, -0.93205819186
734.81, 44.0099394984, 12.3792375814, 24.9455570396, -0.927504900744
735.81, 2.54440641972, 12.0043296774, 24.5822502909, -0.927554557977
736.81, 0.988157595648, 11.6704827521, 24.1859175071, -0.930125014111
737.81, 0.697576679549, 11.3620514496, 23.7648768887, -0.933477378157
738.81, 0.726286979867, 11.0449671585, 23.3343529711, -0.936985199178
739.81, 1.0985959762, 10.7048162966, 22.9113537586, -0.940577384786
740.81, 2.21570534663, 10.4283311432, 22.5921434484, -0.943204531273
741.81, 3.66184450404, 10.2818345252, 22.4695825041, -0.944804366722
742.81, 3.88765776515, 10.2188193659, 22.4820040183, -0.945678166622
743.81, 3.93357043023, 10.0366864249, 22.5231719312, -0.943485497647
744.81, 2.72806851297, 9.60147034768, 22.5006289237, -0.932368565559
745.81, 1.20081673799, 9.05912337424, 22.4378483553, -0.922454815094
746.81, 0.644017017796, 8.48663781382, 22.3848432061, -0.915489557063
747.81, 0.418491174808, 7.92211394548, 22.3656295393, -0.911151578521
748.81, 0.302782688632, 7.3768548881, 22.3763055229, -0.908863206079
749.81, 0.23330291208, 6.84729134073, 22.4026325642, -0.9080247776
750.81, 0.18719211562, 6.32678563228, 22.4345491408, -0.908171314686
752.01, 0.149107040516, 5.7079345988, 22.4726417289, -0.909216735821
752.81, 0.130301339345, 5.29758141659, 22.4965410984, -0.910282775169
753.81, 0.111784062694, 4.78763283001, 22.5246017451, -0.911937950651
754.81, 0.0972505621685, 4.28088084442, 22.5507460091, -0.913869904884
755.81, 0.0855890281796, 3.77677635377, 22.5749817412, -0.916027084633
756.81, 0.0760497272258, 3.27432571803, 22.5974641061, -0.918237170591
757.81, 0.0681216389224, 2.77280055426, 22.6183607115, -0.920579490005
758.81, 0.0614459874368, 2.27180162928, 22.6378663945, -0.92302603343
759.81, 0.0557628037081, 1.77114801917, 22.6561867884, -0.925534738948
760.81, 0.0508783024414, 1.27075355362, 22.6735122595, -0.928084915516
761.81, 0.0466447500885, 0.770556642842, 22.6900092558, -0.930664974299
762.81, 0.0430005483714, 0.278149792574, 22.7056258142, -0.933276743657
763.81, 0.0407198454484, -0.0650859464511, 22.7176756244, -0.936537103232
764.81, 0.0398636227102, -0.182348027696, 22.8678283893, -0.936971416177
765.81, 0.0402829268954, -0.0483727511503, 23.292453015, -0.929204478882
766.81, 0.0404935760329, 0.0830299962707, 23.8143990889, -0.923810332041
767.81, 0.0398664331647, 0.0969349835525, 24.3633207223, -0.921468076576
768.81, 0.0387152313762, 0.0320109963836, 24.9371549868, -0.920974434121
769.81, 0.037527827769, -0.0422791714818, 25.5144007794, -0.92191682754
770.81, 0.0365216214096, -0.0922773950468, 26.0747306767, -0.924377582468
771.81, 0.0356965761393, -0.117905349335, 26.6133046347, -0.928207323186
772.81, 0.0350510366747, -0.129663987775, 27.0899444712, -0.932823455164
773.81, 0.0348167001481, -0.113307628094, 27.3420277248, -0.937423235882
774.81, 0.0350416720575, -0.0246093426032, 27.449658492, -0.942404034655
775.81, 0.0369337127833, 0.428240395298, 27.4298979352, -0.937622139743
776.81, 0.040058749707, 1.07019717772, 27.3101479237, -0.926119898411
777.81, 0.0439378919587, 1.75913882961, 27.1828684119, -0.912943642328
778.81, 0.0483531426889, 2.46023235275, 27.1221650953, -0.90017813747
779.81, 0.0532375127372, 3.17173036166, 27.1415910631, -0.888349860536
780.81, 0.0580532716497, 3.84888558842, 27.2502360604, -0.880360039655
781.81, 0.061992394455, 4.4908228934, 27.5104094646, -0.878182123389
782.81, 0.0658261345784, 5.17357436355, 27.828777355, -0.878115055533
783.81, 0.0704625769123, 5.91657366137, 28.0980309082, -0.880004447539
784.81, 0.076369242308, 6.70188980792, 28.2808876972, -0.884918144591
785.81, 0.0840530641888, 7.50994208303, 28.3684968161, -0.892881781309
786.81, 0.0942866405382, 8.3251592513, 28.3627088134, -0.90350313871
787.81, 0.10835577345, 9.13584420825, 28.26949913, -0.915623759332
788.81, 0.128536127379, 9.93336884206, 28.0963128588, -0.927769690892
789.81, 0.159043866748, 10.7118490531, 27.8514517548, -0.939679060369
790.81, 0.203063345054, 11.5183329688, 27.6005121376, -0.954982319886
791.81, 0.235956587909, 12.5027461185, 27.4668251637, -0.971175690854
792.81, 0.201614139379, 13.6921422879, 27.4261869329, -0.985023764112
793.81, 0.138534049071, 15.004542407, 27.4132770819, -0.994368135592
794.81, 0.0952609398146, 16.3687969973, 27.402317404, -0.990724686317
795.81, 0.0692326473836, 17.7538958935, 27.3912816483, -0.973768875108
796.81, 0.0530680588627, 19.1187397754, 27.370350916, -0.948421280641
797.81, 0.0452082558897, 20.0581137886, 27.3235661554, -0.933554022693
798.81, 0.0430372167239, 20.3709274023, 27.2907994617, -0.933401440736
799.81, 0.0427392847993, 20.3253933759, 27.4641604814, -0.930247416889
800.81, 0.0421179991321, 20.1720874049, 27.91421801, -0.917008475761
801.81, 0.0406269005129, 20.0891610499, 28.4414767091, -0.908096713662
802.81, 0.038436807591, 20.1009064852, 28.997444481, -0.90449757137
803.81, 0.0360627095239, 20.1494625722, 29.5760950145, -0.904552147665
804.81, 0.0339087271653, 20.1832132425, 30.1510148972, -0.907504285804
805.81, 0.0320639755936, 20.1868228076, 30.7064763497, -0.912573305913
806.81, 0.0304540427619, 20.1689823539, 31.2423141024, -0.918932713392
807.81, 0.0291948624792, 20.1435996259, 31.6936823698, -0.9260042534
808.81, 0.0286976188113, 20.1054440435, 31.9066093885, -0.933204189427
809.81, 0.0288651465061, 19.9812171947, 31.9761249238, -0.940965534014
810.81, 0.030512238356, 19.472988211, 31.9441144456, -0.931094406099
811.81, 0.0330695992214, 18.8074959313, 31.8390320553, -0.913057628704
812.81, 0.0359471678936, 18.1138609953, 31.7452394326, -0.894962859958
813.81, 0.0388067260849, 17.406110279, 31.7174526735, -0.876815300791
814.81, 0.0414440731862, 16.6956827339, 31.7521474052, -0.859398000974
815.81, 0.0432158210485, 16.0274237514, 31.8850668841, -0.848567876251
816.81, 0.0436822242039, 15.3754746821, 32.1583206771, -0.845988683074
817.81, 0.0437442932423, 14.6720427982, 32.4584188199, -0.84922284322
818.81, 0.0439852706955, 13.9127508856, 32.6971403434, -0.8556823499
819.81, 0.0445232170945, 13.1174378437, 32.846372782, -0.864545671143
820.81, 0.0453445189732, 12.3047943186, 32.9007885746, -0.874898097719
821.81, 0.0463948997079, 11.4892451823, 32.8636472367, -0.885865722372
822.81, 0.0476011262547, 10.6814897977, 32.7414823502, -0.897060881337
823.81, 0.0488766420631, 9.88933479505, 32.5419325793, -0.908297555728
824.81, 0.0500579660471, 9.11089861921, 32.2823897219, -0.921570483777
825.81, 0.0502106270533, 8.23785865122, 32.0826895422, -0.9398652014
826.81, 0.0489437614898, 7.16283684187, 31.9971820842, -0.957867061925
827.81, 0.0468970419097, 5.91418923444, 31.9750433274, -0.973023113011
828.81, 0.0445998647468, 4.57597934143, 31.9662617905, -0.983168679744
829.81, 0.042055564057, 3.20117965868, 31.958039883, -0.978914105614
830.81, 0.0390745916324, 1.81179771945, 31.9497018866, -0.960927036573
831.81, 0.0358280712359, 0.524332994031, 31.9146646276, -0.937944446978
832.81, 0.033842589696, -0.18892111021, 31.8645422449, -0.930238616471
833.81, 0.0334378230126, -0.32009265935, 31.8326135576, -0.933265774493
834.81, 0.0339994100055, -0.214365451977, 32.0033066253, -0.934088635403
835.81, 0.0351373282584, -0.135195367792, 32.4562544492, -0.926898221103
836.81, 0.0366257887739, -0.136144198966, 32.9857205988, -0.921443349664
837.81, 0.0386677761086, -0.183685860775, 33.5495751648, -0.919040670934
838.81, 0.0415748171817, -0.226267358204, 34.1268292109, -0.918960471069
839.81, 0.0455985599212, -0.237555539832, 34.6931360146, -0.920728333335
840.81, 0.0510347042034, -0.21927989625, 35.2408635097, -0.92401619537
841.81, 0.0583341172476, -0.184244052129, 35.7734337355, -0.928458421019
842.81, 0.0668734048096, -0.146613663536, 36.2342655149, -0.933387059969
843.81, 0.0723650472726, -0.104579880943, 36.4589479296, -0.938038735538
844.81, 0.0763387013527, 0.0274458963302, 36.5340787712, -0.942794140773
845.81, 0.0836410785577, 0.546651784568, 36.5022747312, -0.936351037084
846.81, 0.0882912446788, 1.21548667647, 36.3994221334, -0.92403549252
847.81, 0.0889540699418, 1.9109273244, 36.3137667854, -0.911110329557
848.81, 0.0869147862486, 2.62253300056, 36.2939733482, -0.898754730043
849.81, 0.0824335547316, 3.33002369098, 36.3328748868, -0.888080988241
850.81, 0.0782634814838, 3.99340998136, 36.4829031232, -0.88273673165
851.81, 0.0742162948118, 4.65408745815, 36.7626752423, -0.881850719414
852.81, 0.0670147721615, 5.37068675981, 37.0479040861, -0.882191407709
853.81, 0.0579810250001, 6.13906202353, 37.2641564045, -0.884858881449
854.81, 0.049679715868, 6.93886588455, 37.3892309247, -0.890486734577
855.81, 0.0432062006195, 7.75226522722, 37.4201106503, -0.898928930913
856.81, 0.0385538416321, 8.56572423256, 37.3609843236, -0.909720884505
857.81, 0.0353689733161, 9.36927060735, 37.2187150015, -0.921403015803
858.81, 0.0332940520783, 10.1557128371, 37.0010725482, -0.932874961714
859.81, 0.0319444180474, 10.9440545712, 36.7451680432, -0.946366534701
860.81, 0.0305761519346, 11.870331295, 36.5829252331, -0.96096566915
861.81, 0.0289004483722, 12.999942984, 36.52324589, -0.974172928492
862.81, 0.0270195764581, 14.2800758674, 36.5102696991, -0.984015507617
863.81, 0.0250701808398, 15.6312942157, 36.5045291929, -0.988757382688
864.81, 0.0231032662835, 17.0112802982, 36.4990304648, -0.980093939335
865.81, 0.0211631958954, 18.4023607386, 36.4931474481, -0.959205755279
866.81, 0.019571104589, 19.6306918208, 36.4526702788, -0.936946376256
867.81, 0.0188464699261, 20.2400794882, 36.405511202, -0.931319384556
868.81, 0.0188123034462, 20.3005419936, 36.3766561821, -0.934562526438
869.81, 0.0187009140543, 20.1792960448, 36.5516572155, -0.93227959597
870.81, 0.0180925067469, 20.1301304264, 37.0027347933, -0.918384808141
871.81, 0.0173192982739, 20.1593113565, 37.5327914509, -0.908354999152
872.81, 0.0165214580918, 20.217370492, 38.1000001359, -0.903753073198
873.81, 0.0157868690358, 20.2564433649, 38.6775310056, -0.903577624871
874.81, 0.0151498493584, 20.2590202481, 39.2414757951, -0.906739758907
875.81, 0.0145955437169, 20.2324108362, 39.7867846791, -0.912041471253
876.81, 0.0140972233115, 20.1906528485, 40.3181544509, -0.918530620407
877.81, 0.0136903674902, 20.1480523808, 40.7788509321, -0.925653141
878.81, 0.0135133322786, 20.1031669349, 41.0066429518, -0.933005244538
879.81, 0.0135147142644, 19.9978390979, 41.0907336967, -0.941027090447
880.81, 0.0139037142449, 19.5151485807, 41.0646898508, -0.93272460878
881.81, 0.0145286428042, 18.8541851401, 40.9579474476, -0.9149577528
882.81, 0.0151990646594, 18.1599957467, 40.8664697728, -0.896887128694
883.81, 0.0158442236704, 17.4485480498, 40.8440206352, -0.878586877302
884.81, 0.0164427543014, 16.7446543375, 40.8853672933, -0.86156739105
885.81, 0.0168820048247, 16.0863059509, 41.0496014437, -0.851979677654
886.81, 0.0172039600729, 15.423743954, 41.3383864708, -0.850243029173
887.81, 0.0176359603911, 14.7028050145, 41.6229498364, -0.85314737129
888.81, 0.0182888247055, 13.9310866078, 41.8354489671, -0.859051444056
889.81, 0.0192182643063, 13.1290961543, 41.9560059086, -0.867685048953
890.81, 0.0204809302182, 12.3143879995, 41.9823921772, -0.877926741071
891.81, 0.0221554982162, 11.50025167, 41.9190602345, -0.88877264231
892.81, 0.0243578755719, 10.6964735919, 41.7729730128, -0.899832837942
893.81, 0.0272599061589, 9.91010223803, 41.5519346725, -0.910932142154
894.81, 0.0311791649274, 9.12038787001, 41.2947102626, -0.926129985805
895.81, 0.0373793831104, 8.18919084387, 41.1333254961, -0.944337502642
896.81, 0.0493903329068, 7.05347080966, 41.0742778313, -0.961375879108
897.81, 0.0767894517747, 5.76931317184, 41.0602811842, -0.975610920293
898.81, 0.155069309737, 4.41625771924, 41.0526724417, -0.984242414993
899.81, 0.472071650598, 3.03670352025, 41.0449106063, -0.979958822841
900.81, 0.926548407358, 2.33521024451, 40.9889305016, -0.966147768775
901.81, 1.07056294486, 2.57910554306, 40.778331366, -0.951822919981
902.81, 0.908969019296, 2.97580016517, 40.3980670551, -0.943277055238
903.81, 0.919743491896, 3.04706766352, 39.9652753445, -0.939451299196
904.81, 1.24723816233, 2.76230130231, 39.5262717148, -0.93651912478
905.81, 1.08168904478, 2.31477936255, 39.0881043121, -0.933643332265
906.81, 0.567029840878, 1.86620945022, 38.6656081793, -0.932439809076
907.81, 0.32329131378, 1.48758594786, 38.2819605279, -0.933420169204
908.81, 0.247531979845, 1.29445116176, 38.0617326035, -0.93652595026
909.81, 0.234899172205, 1.28705227971, 38.0024550783, -0.939922456941
910.81, 0.256357184943, 1.47640665421, 38.043364148, -0.934412268319
911.81, 0.296405662053, 1.90450238225, 38.1256142266, -0.917623017067
912.81, 0.300251190825, 2.41134270464, 38.1814216235, -0.905959393484
913.81, 0.253697307251, 2.93877421831, 38.190336146, -0.900045565943
914.81, 0.193417847346, 3.45979933201, 38.1467628179, -0.898454158934
915.81, 0.145042401195, 3.97933519664, 38.067604978, -0.899696891232
916.81, 0.111523676476, 4.51071340032, 37.9883366318, -0.902593840572
917.81, 0.088922955338, 5.05313687839, 37.9314539108, -0.906540230707
918.81, 0.0734113063677, 5.59956710916, 37.9009221284, -0.911178120631
919.81, 0.0624329410051, 6.14407233018, 37.8912165276, -0.916240982553
920.81, 0.0544273487756, 6.68310570589, 37.8955040556, -0.921533658472
921.81, 0.0487595420694, 7.18207322247, 37.9068823495, -0.927061962904
922.81, 0.0462298581215, 7.45348182361, 37.930595191, -0.933011607446
923.81, 0.0458176179308, 7.50818849003, 37.977521979, -0.937897348591
924.81, 0.0465029041459, 7.46452196195, 38.1752732512, -0.938550728582
925.81, 0.0477099006183, 7.39950360273, 38.5968668869, -0.932026160109
926.81, 0.0482446556718, 7.38631172499, 39.0580510611, -0.931547250962
927.81, 0.0478121729135, 7.42817893978, 39.3553747872, -0.934735439666
928.81, 0.0473580527531, 7.46373455212, 39.4991905811, -0.938119126638
929.81, 0.0473349190839, 7.46375529384, 39.5502636426, -0.94063450281
930.81, 0.0495552880124, 7.28444921139, 39.5386340707, -0.934550630904
931.81, 0.0557764977724, 6.86127748497, 39.4740593081, -0.918669905928
932.81, 0.065703994731, 6.35167775572, 39.422966441, -0.907416795414
933.81, 0.080550392257, 5.8200123403, 39.4200481637, -0.901633632953
934.81, 0.103025075393, 5.29538726385, 39.4752386712, -0.900178726883
935.81, 0.14050663308, 4.76311416097, 39.5588006154, -0.901303363689
936.81, 0.209884362758, 4.21913825397, 39.6327470679, -0.904060718064
937.81, 0.356947609284, 3.67038517289, 39.6796470813, -0.907940122686
938.81, 0.747091934455, 3.12392966118, 39.700879501, -0.912551643764
939.81, 2.31189003804, 2.58341572535, 39.7040577046, -0.917584410219
940.81, 10.0254368967, 2.04977203907, 39.6976340347, -0.922812975899
941.81, 3.56185574298, 1.57699537605, 39.6876381655, -0.928331706247
942.81, 1.8552294053, 1.34869890802, 39.662771849, -0.934036416762
943.81, 1.65542009805, 1.32341121219, 39.6170837592, -0.938557701697
944.81, 2.21948594551, 1.37531929012, 39.7566860412, -0.941856097261
945.81, 2.42428954676, 1.39637240514, 40.2161934851, -0.943388679068
946.81, 1.12954571662, 1.35419094796, 40.6880262483, -0.945728178778
947.81, 0.720141482732, 1.31504975827, 40.9675202378, -0.946445292648
948.81, 0.631723339136, 1.32455372918, 41.0719506431, -0.946558878836
949.81, 0.650320653203, 1.36490113379, 41.0748423692, -0.946520976328
950.81, 0.783620829674, 1.56324689353, 41.0482438069, -0.944560492427
951.81, 0.990180983206, 1.986648097, 41.0080716272, -0.936293191966
952.81, 0.827485837648, 2.48262350556, 40.993053448, -0.930532881801
953.81, 0.49589835351, 2.99472659925, 41.0324051092, -0.927630390601
954.81, 0.293405033986, 3.52238526965, 41.1020991487, -0.926295707922
955.81, 0.188490697004, 4.06502844046, 41.1663292926, -0.925838291495
956.81, 0.131590211242, 4.61411552265, 41.2064874292, -0.926063930982
957.81, 0.0982163603523, 5.1612786153, 41.2219088596, -0.926919737347
958.81, 0.0771788356317, 5.70208322736, 41.2191524754, -0.928365620848
959.81, 0.0630962529268, 6.23550850671, 41.206551336, -0.930352465887
960.81, 0.0532259029808, 6.76170385048, 41.1888728253, -0.932825419196
961.81, 0.0465354826989, 7.24128355565, 41.1694949418, -0.935734202713
962.81, 0.0437737352861, 7.48709234041, 41.1460618609, -0.93890011284
963.81, 0.0435432861211, 7.52063263735, 41.1077910852, -0.941639508784
964.81, 0.0436367770976, 7.46552410167, 41.2494777641, -0.942278694331
965.81, 0.0421289735587, 7.43385935275, 41.7071157192, -0.937861241073
966.81, 0.0396736796796, 7.46825226828, 42.179835492, -0.937299874065
967.81, 0.0379935645299, 7.50946487454, 42.4644627232, -0.939230163914
968.81, 0.0374972090473, 7.50535074247, 42.5768297685, -0.941392318831
969.81, 0.037743928738, 7.46828587108, 42.5867848417, -0.943147262273
970.81, 0.0391273052979, 7.31579145546, 42.5625174855, -0.941464706615
971.81, 0.043245863526, 6.90075860943, 42.5280516967, -0.926424296259
972.81, 0.049508762624, 6.38515393506, 42.5010860445, -0.913498396786
973.81, 0.0572475378711, 5.85622560666, 42.5198887117, -0.906469898511
974.81, 0.0663948325124, 5.32347723858, 42.581456878, -0.903935320546
975.81, 0.0775238463496, 4.77903880443, 42.6503834052, -0.904234596255
976.81, 0.0911462533707, 4.22801197088, 42.6992171251, -0.906428307667
977.81, 0.107129508237, 3.67853685553, 42.7215354037, -0.909879898649
978.81, 0.124046963294, 3.13547028028, 42.7228407362, -0.914106220477
979.81, 0.138619460978, 2.60010058618, 42.7117743857, -0.918752002
980.81, 0.146442882099, 2.07193910897, 42.6947780463, -0.923596538996
981.81, 0.145208515395, 1.5903762585, 42.675544585, -0.928716977319
982.81, 0.142696956731, 1.34256950102, 42.651218858, -0.934126781274
983.81, 0.145711855283, 1.30732821948, 42.611217113, -0.93859775117
984.81, 0.133014327216, 1.35858979199, 42.7618829711, -0.942063901495
985.81, 0.101451534252, 1.38747193918, 43.2198242828, -0.943572203568
986.81, 0.0794045765981, 1.35542092984, 43.6884188437, -0.946168685617
987.81, 0.0696422418311, 1.3195657571, 43.9667665671, -0.946990497782
988.81, 0.0665023552417, 1.32757508282, 44.0739279636, -0.947104741646
989.81, 0.0664832091365, 1.36629148926, 44.081015688, -0.9470258024
990.81, 0.0680377880843, 1.56820139169, 44.0555046183, -0.944705170597
991.81, 0.0701621239023, 1.99324723504, 44.0123564963, -0.936420502726
992.81, 0.0699724547713, 2.49129467832, 43.9927139227, -0.930793180888
993.81, 0.0662821380186, 3.00429262958, 44.0289725868, -0.928018149898
994.81, 0.0606016345012, 3.53175616556, 44.0983234814, -0.926760588591
995.81, 0.0546545573364, 4.07412282139, 44.1637712189, -0.926327456159
996.81, 0.0492376754509, 4.62320989158, 44.2053506039, -0.926540914287
997.81, 0.0445035742439, 5.17057031591, 44.2217988554, -0.927363604729
998.81, 0.0403985257383, 5.71166200222, 44.2196209593, -0.928763902172
999.81, 0.036829747416, 6.24538735417, 44.207255715, -0.93069850995
1000.81, 0.0337348157685, 6.7719149966, 44.1897162253, -0.93311488629
1001.81, 0.0312577007807, 7.25181335037, 44.1703594849, -0.935966351794
1002.81, 0.0301614681799, 7.49793258349, 44.1467992901, -0.939097660984
1003.81, 0.03017399787, 7.53140970826, 44.1081471087, -0.941814437909
1004.81, 0.0315255245724, 7.36351255341, 43.9965386516, -0.940064145202
1005.81, 0.034885092839, 7.00377820979, 43.7509826069, -0.932287501754
1006.81, 0.0397692846518, 6.60964131997, 43.4341102445, -0.927690243631
1007.81, 0.0462865851041, 6.23446456351, 43.0705868763, -0.927700826568
1008.81, 0.0547203388369, 5.90026070633, 42.6742617654, -0.930232282117
1009.81, 0.0659402395691, 5.59120628342, 42.2533776122, -0.933550375771
1010.81, 0.0818472056172, 5.27335687324, 41.8231904717, -0.937031333715
1011.81, 0.105601398562, 4.9324307083, 41.400631724, -0.940604303173
1012.81, 0.132886060462, 4.65424447528, 41.0806212481, -0.943234339425
1013.81, 0.15013162362, 4.50633299353, 40.9567625314, -0.944848214279
1014.81, 0.156018051629, 4.44234829782, 40.9683482282, -0.945772505486
1015.81, 0.17562509743, 4.25273370449, 41.0002167844, -0.943739541385
1016.81, 0.247660428553, 3.81764120007, 40.9576659058, -0.934508201803
1017.81, 0.427340549426, 3.27706380474, 40.8745724443, -0.927325895436
1018.81, 0.877494817813, 2.70793816, 40.8041322052, -0.923457185151
1019.81, 1.62697582074, 2.14679885224, 40.7688032577, -0.922429371588
1020.81, 1.35362191946, 1.60403775779, 40.7627412867, -0.923559598368
1021.81, 0.697463206648, 1.07583780418, 40.7714702348, -0.92618436671
1022.81, 0.379228821043, 0.556016662959, 40.7854032312, -0.929812660272
1023.81, 0.247418846699, 0.113044944771, 40.7999424643, -0.934021069448
1024.81, 0.207004498486, -0.092590631812, 40.8247655821, -0.938097744759
1025.81, 0.191955188186, -0.111404751166, 41.0072489776, -0.937791675337
1026.81, 0.174120448397, -0.00320494776887, 41.4290750437, -0.929648600197
1027.81, 0.142636182134, 0.070973651132, 41.9351018252, -0.924398217741
1028.81, 0.109716508178, 0.052155321913, 42.4647153164, -0.92243556762
1029.81, 0.0839213637279, -0.019726597405, 43.017067933, -0.922391879161
1030.81, 0.0659442767839, -0.0895178241304, 43.5796138456, -0.923627286091
1031.81, 0.0536183145488, -0.131512863741, 44.1363831017, -0.926042635772
1032.81, 0.0448797038105, -0.146752349065, 44.6801265735, -0.929528066577
1033.81, 0.0386226795239, -0.146719375423, 45.1897389578, -0.933745314805
1034.81, 0.035660057106, -0.12972975786, 45.4861492739, -0.937867697742
1035.81, 0.0351255993675, -0.083933188617, 45.5601062265, -0.941167917868
1036.81, 0.0358707626024, 0.0448856884051, 45.530076308, -0.94658356526
1037.81, 0.0380894506219, 0.56656563425, 45.4814450474, -0.941827287595
1038.81, 0.0405923348165, 1.23780402353, 45.4117284152, -0.929535456258
1039.81, 0.0420424822979, 1.9308608331, 45.3628255997, -0.916745951516
1040.81, 0.0416497161866, 2.63557407204, 45.367144527, -0.904515583626
1041.81, 0.0395553027495, 3.34849532916, 45.4219951679, -0.893108852234
1042.81, 0.0362571930849, 4.02669498956, 45.5458213696, -0.885538462185
1043.81, 0.0320136410095, 4.67426396992, 45.8051812541, -0.883493960958
1044.81, 0.0279849287353, 5.36261941856, 46.1168151838, -0.883336277432
1045.81, 0.0247846158357, 6.10984142483, 46.376967156, -0.884916824934
1046.81, 0.0223506734354, 6.89783022065, 46.5496847491, -0.889338321732
1047.81, 0.0205058444077, 7.70709454963, 46.6268105341, -0.896690961165
1048.81, 0.0190983833526, 8.52222118157, 46.6105542671, -0.906649703154
1049.81, 0.0180176659805, 9.33167644248, 46.5070883199, -0.918302298235
1050.81, 0.0171860000394, 10.1269756741, 46.3239636944, -0.930078394595
1051.81, 0.0165457024944, 10.9029353178, 46.0703075967, -0.941834766208
1052.81, 0.0158763841626, 11.722767603, 45.8271707013, -0.956637002952
1053.81, 0.0149291392783, 12.728708925, 45.700336189, -0.971580112432
1054.81, 0.0138526343533, 13.9313581905, 45.6562178135, -0.983874158447
1055.81, 0.0128368094629, 15.2493288992, 45.635785505, -0.991490145338
1056.81, 0.0119371189095, 16.6157694734, 45.6167468602, -0.986217700776
1057.81, 0.0111392203311, 18.0016804846, 45.5975202426, -0.968080234207
1058.81, 0.0104636750275, 19.3332380399, 45.5603888824, -0.943384558416
1059.81, 0.0100963220802, 20.1546211912, 45.5042906099, -0.932170975166
1060.81, 0.0100160957045, 20.3680237389, 45.4692839385, -0.933645785702
1061.81, 0.00994401126645, 20.2892045711, 45.6481675382, -0.930411795321
1062.81, 0.00972452881037, 20.1720849007, 46.1029726573, -0.916766291868
1063.81, 0.0094341435601, 20.1327075723, 46.6306720363, -0.907555270049
1064.81, 0.00910847166613, 20.161723115, 47.1897570894, -0.903699683196
1065.81, 0.0087821531357, 20.2040128799, 47.7663434527, -0.903795554393
1066.81, 0.00848249150447, 20.2221890184, 48.3355734037, -0.906941766668
1067.81, 0.00821410001893, 20.2106640474, 48.886309463, -0.9121842914
1068.81, 0.0079694050802, 20.1804883964, 49.4202205555, -0.918656381505
1069.81, 0.00777158887941, 20.146112248, 49.8718011413, -0.925798719409
1070.81, 0.00768766009536, 20.1040648458, 50.0855082963, -0.93305145573
1071.81, 0.00769346694292, 19.9790345162, 50.1562297536, -0.941112738521
1072.81, 0.00786427216803, 19.4687077121, 50.1238819031, -0.931569875215
1073.81, 0.00812588616301, 18.8018064512, 50.0200038676, -0.913678049755
1074.81, 0.00840150153825, 18.1071732283, 49.9324245388, -0.895608328798
1075.81, 0.00865992534853, 17.3967587027, 49.9117073946, -0.877358201894
1076.81, 0.00889400028206, 16.6892460408, 49.9511036211, -0.860210447498
1077.81, 0.00905231150962, 16.0263178606, 50.1005662629, -0.850193114265
1078.81, 0.00912583462675, 15.3685437665, 50.3825912134, -0.848241026714
1079.81, 0.00920891602667, 14.6549430939, 50.6737044825, -0.85153423527
1080.81, 0.00935119754374, 13.8883099448, 50.8971760498, -0.857781042452
1081.81, 0.00956740225937, 13.0889829643, 51.0296988136, -0.86653624312
1082.81, 0.00986419727116, 12.2750212394, 51.0677662144, -0.876815114518
1083.81, 0.0102480457146, 11.4601958772, 51.0153362716, -0.887684317492
1084.81, 0.010727846655, 10.6546752025, 50.8791991711, -0.898762674557
1085.81, 0.0113163183153, 9.86582694002, 50.6670893861, -0.909874695692
1086.81, 0.0120143478855, 9.08136082223, 50.4084558797, -0.924304203052
1087.81, 0.0127410414873, 8.17177572991, 50.2343414777, -0.942438962095
1088.81, 0.0134655141251, 7.0581305847, 50.1669914334, -0.959650770367
1089.81, 0.0141533317782, 5.786682996, 50.1513274222, -0.974011097929
1090.81, 0.0147166344534, 4.43890683111, 50.1444707056, -0.983008301748
1091.81, 0.0150297336233, 3.06023854841, 50.1378748625, -0.977462082773
1092.81, 0.0149953076934, 1.66941240837, 50.1310645124, -0.958473903995
1093.81, 0.014715371107, 0.416991088002, 50.09232177, -0.936275048349
1094.81, 0.0145181548957, -0.230862853386, 50.0436994425, -0.930211263665
1095.81, 0.0145369742021, -0.316411372554, 50.0131997606, -0.933719466008
1096.81, 0.0147832730536, -0.130300114556, 49.9438452354, -0.940509107938
1097.81, 0.0159228092875, -0.0301289853248, 49.4751814952, -0.934380361183
1098.81, 0.0173661641392, -0.177597236397, 48.895440937, -0.913187712062
1099.81, 0.0187636898925, -0.547240151136, 48.3286700119, -0.875608243291
1100.81, 0.0204692876278, -0.953560546217, 47.6911743307, -0.834336616831
1101.81, 0.0227018925906, -1.30331744145, 46.9795370844, -0.806304446867
1102.81, 0.0256588873769, -1.56243673143, 46.2140135473, -0.798070463431
1103.81, 0.029611203744, -1.72148794158, 45.4154239876, -0.807290322194
