Time, Sensor_reading, x, y, z
6748.41, 0.0334295364067, 0.0373007834944, 7.49803398812, -0.134461207474
6748.46, 0.0334295364067, 0.0366706855219, 7.49809896267, -0.134461136944
6749.46, 0.0332032866362, 0.0287074814196, 7.56122999317, -0.137331421013
6750.41, 0.0320071877321, 0.0578543958788, 7.996414158, -0.137574853512
6751.46, 0.0302398965215, 0.111852179889, 8.69660935071, -0.138719238822
6752.46, 0.0281377904252, 0.115000854492, 9.38184947189, -0.137626580394
6753.46, 0.0256019655337, 0.0142639836618, 10.0670052236, -0.136259041788
6754.46, 0.0228672071657, -0.156707596397, 10.7901678609, -0.135510508184
6755.41, 0.020397798301, -0.289882088647, 11.5223033398, -0.135170375282
6756.41, 0.0183256812558, -0.355379470383, 12.3217221649, -0.135025560236
6757.41, 0.0165097553154, -0.370544554172, 13.1456061588, -0.134050365219
6758.41, 0.0147868102097, -0.378933009769, 14.0170911329, -0.133947476697
6759.41, 0.0135869964825, -0.290720578385, 14.7654033164, -0.134235641028
6760.46, 0.0131899722162, -0.127103509809, 15.1237238976, -0.139306403893
6761.41, 0.0137575597334, 0.289056399592, 15.1164656422, -0.138131175458
6762.41, 0.014856840183, 0.933234517686, 15.0110847053, -0.139085910807
6763.46, 0.0160934147724, 1.67627024539, 14.92489957, -0.13903622001
6764.46, 0.0173192529009, 2.39585432135, 14.8857966272, -0.138463809834
6765.46, 0.018312833908, 3.08596222094, 14.9199637283, -0.13731508659
6766.41, 0.0187982942469, 3.7284294101, 15.0680122797, -0.136120997571
6767.41, 0.0189161213171, 4.44177639035, 15.2897168817, -0.135490235667
6768.41, 0.019000700432, 5.20643140115, 15.4725298357, -0.13519245372
6769.46, 0.0191646383692, 6.04397581924, 15.5780341138, -0.135066331141
6770.46, 0.01938725362, 6.85500409885, 15.5872476632, -0.135126974573
6771.41, 0.0196524071144, 7.62775508743, 15.5226738809, -0.134411539596
6772.41, 0.0195190606969, 8.49035116794, 15.4719843858, -0.134005384333
6773.46, 0.0191904056113, 9.41172955513, 15.3721796826, -0.133957860031
6774.41, 0.0190643681609, 9.97488716245, 15.2372954822, -0.13431239823
6775.41, 0.0193361273286, 10.1447974913, 15.1061524934, -0.137727223025
6776.41, 0.0208790144389, 9.89924545707, 14.8086097381, -0.138104203582
6777.41, 0.0237767160829, 9.48383328109, 14.3321024727, -0.139226874379
6778.41, 0.0276715537602, 9.02510678865, 13.8060283807, -0.139250327615
6779.46, 0.0328464236666, 8.53650031537, 13.2438754398, -0.139202414918
6780.46, 0.0390986494052, 8.10233282366, 12.6949637324, -0.139256144402
6781.46, 0.0473299237671, 7.71320149263, 12.1151724402, -0.139285069647
6782.46, 0.0580189761183, 7.36698176129, 11.4926242833, -0.138751791005
6783.46, 0.0729913709927, 7.06540566527, 10.8564224145, -0.138004451805
6784.46, 0.0938196992748, 6.88371710873, 10.1972531947, -0.136649101587
6785.41, 0.125410028493, 6.79096794055, 9.51018475424, -0.135805561388
6786.46, 0.163039295368, 6.64732277272, 8.78423907453, -0.13420950425
6787.46, 0.167552177728, 6.40186431332, 8.52441965227, -0.134825765783
6788.41, 0.156274610131, 6.2165052977, 8.57316488316, -0.134407746302
6789.46, 0.14619685306, 6.11283715702, 8.70388482955, -0.134430939729
6790.41, 0.141029232823, 6.07552921406, 8.77814320592, -0.134515247824
6791.46, 0.141131846487, 6.10651379494, 8.79548509845, -0.134734501671
6792.41, 0.157540550048, 6.49638243367, 8.78420616079, -0.134968298205
6793.41, 0.172978059887, 6.9909330436, 8.78499213351, -0.1344634629
6794.46, 0.179424130846, 7.30933383894, 8.76287067129, -0.134331995946
6795.41, 0.182235925118, 7.44790150227, 8.73532500761, -0.134432243894
6796.46, 0.182870141811, 7.50671734684, 8.72593562299, -0.134537941708
6797.41, 0.180135116687, 7.51933588622, 8.76545589066, -0.133657779355
6798.41, 0.168205074928, 7.50616271682, 8.93412336435, -0.134382444616
6799.41, 0.159416091597, 7.49030821735, 9.0623280888, -0.13442707396
6800.46, 0.155819920222, 7.50329138541, 9.11708096833, -0.134393058424
6801.46, 0.154777793543, 7.47958502971, 9.12868385476, -0.136027294144
6802.41, 0.156679561918, 7.0889597128, 9.06249191957, -0.132926836514
6803.51, 0.149278786845, 6.47936095513, 8.95053398231, -0.133732821019
6804.51, 0.137731213487, 6.12999169788, 8.92373409898, -0.134126371433
6805.46, 0.130702443837, 6.0303484304, 8.98561445573, -0.134505408573
6806.46, 0.126304844451, 6.03273780581, 9.08635936183, -0.134483207819
6807.46, 0.12391849768, 6.04699018446, 9.15342599946, -0.137709529863
6808.46, 0.123519990006, 6.04440532196, 9.15748359058, -0.137687770191
6809.41, 0.124647612062, 6.03995995412, 9.12691022891, -0.138499324101
6810.46, 0.125741921158, 6.0373604709, 9.0976731501, -0.138524850736
6811.41, 0.126165601571, 6.03581463402, 9.08729097761, -0.138445549391
6812.46, 0.126081055934, 6.03437559261, 9.08842860632, -0.138435549249
6813.41, 0.125849108123, 6.03345335446, 9.09297943939, -0.138442882595
6814.41, 0.125693218176, 6.03296978755, 9.09632987946, -0.138444806499
6815.46, 0.125649631947, 6.03283383386, 9.09726816173, -0.138444037969
6816.41, 0.125668835892, 6.03285197521, 9.09682203751, -0.138443687261
6817.46, 0.125698788761, 6.03289652855, 9.09610910222, -0.13844374213
6818.46, 0.12571554718, 6.03292042733, 9.09574537081, -0.138443775569
6819.46, 0.125718285095, 6.03292680687, 9.09569718189, -0.138443769718
6820.41, 0.125714588609, 6.03292585825, 9.0957828008, -0.138443760964
6821.46, 0.125710743934, 6.0329237478, 9.09587677296, -0.138443757615
6822.46, 0.125708995234, 6.03292274563, 9.09591459174, -0.13844375594
6823.41, 0.125709020053, 6.03292246341, 9.09591377059, -0.138443754718
6824.46, 0.125709618449, 6.03292248028, 9.09589868964, -0.138443753823
6825.41, 0.125710096027, 6.03292259984, 9.0958880498, -0.138443753274
6826.41, 0.1257102588, 6.03292260395, 9.09588414576, -0.138443752851
6827.41, 0.125710224981, 6.0329227102, 9.09588504346, -0.138443752527
6828.41, 0.125710140807, 6.03292279105, 9.0958871296, -0.138443752277
6829.41, 0.125710084613, 6.03292280548, 9.09588849048, -0.138443752121
6830.41, 0.125710072758, 6.03292282513, 9.09588879103, -0.138443752006
6831.41, 0.125710079965, 6.03292279363, 9.0958885928, -0.138443751929
6832.46, 0.125710092105, 6.03292278927, 9.09588828443, -0.138443751873
6833.46, 0.125710099667, 6.03292279203, 9.09588811348, -0.138443751838
6834.41, 0.12571010214, 6.03292281333, 9.09588807638, -0.138443751816
6835.41, 0.125710101153, 6.03292282346, 9.09588810824, -0.138443751798
6836.41, 0.125710099713, 6.03292282948, 9.09588814768, -0.138443751785
6837.46, 0.125710099537, 6.03292283679, 9.09588815805, -0.138443751776
6838.41, 0.125710099753, 6.03292283879, 9.0958881542, -0.138443751771
6839.41, 0.125710100092, 6.03292283876, 9.09588814605, -0.138443751767
6840.46, 0.125710100224, 6.03292283302, 9.09588813782, -0.138443751764
6841.46, 0.125710100588, 6.03292284084, 9.09588813583, -0.138443751763
6842.41, 0.125710100795, 6.03292284421, 9.09588813355, -0.138443751763
6843.41, 0.125710100917, 6.03292284493, 9.09588813121, -0.138443751761
6844.46, 0.125710100763, 6.03292284188, 9.09588813292, -0.138443751759
6845.46, 0.125710100585, 6.03292283932, 9.09588813481, -0.138443751761
6846.46, 0.125710100145, 6.03292282804, 9.09588813615, -0.138443751761
6847.46, 0.125710100106, 6.03292282796, 9.09588813682, -0.138443751761
6848.41, 0.125710100197, 6.03292283318, 9.09588813904, -0.138443751761
6849.46, 0.125710100243, 6.03292283419, 9.09588813848, -0.138443751761
6850.46, 0.125710100574, 6.03292283703, 9.09588813294, -0.138443751761
6851.41, 0.125710100497, 6.03292283511, 9.09588813341, -0.138443751761
6852.46, 0.125710100525, 6.03292283609, 9.09588813332, -0.138443751761
6853.41, 0.125710100686, 6.03292283706, 9.09588813043, -0.138443751761
6854.46, 0.125710100808, 6.03292283802, 9.09588812809, -0.138443751762
6855.46, 0.125710100852, 6.03292283965, 9.09588812853, -0.138443751762
6856.41, 0.125710100862, 6.03292284097, 9.09588812935, -0.138443751762
6857.46, 0.125710100893, 6.03292284069, 9.09588812839, -0.138443751762
6858.46, 0.125710100898, 6.03292283924, 9.09588812701, -0.138443751762
6859.41, 0.125710100931, 6.03292283963, 9.0958881266, -0.138443751762
6860.41, 0.125710100938, 6.03292284012, 9.09588812684, -0.138443751762
6861.46, 0.125710100964, 6.03292284107, 9.09588812693, -0.138443751762
6862.41, 0.125710100987, 6.03292284166, 9.09588812689, -0.138443751762
6863.41, 0.12571010099, 6.03292284165, 9.09588812682, -0.138443751762
6864.41, 0.125710100963, 6.03292284142, 9.09588812729, -0.138443751762
6865.41, 0.125710100971, 6.03292284153, 9.09588812718, -0.138443751762
6866.41, 0.125710100982, 6.03292284153, 9.09588812692, -0.138443751762
6867.41, 0.125710100998, 6.03292284176, 9.09588812671, -0.138443751762
6868.41, 0.125710101008, 6.03292284191, 9.09588812659, -0.138443751763
6869.46, 0.125710101008, 6.03292284188, 9.09588812657, -0.138443751763
6870.46, 0.125710101003, 6.03292284191, 9.0958881267, -0.138443751763
6871.46, 0.125710101005, 6.03292284195, 9.0958881267, -0.138443751763
6872.51, 0.12571010099, 6.03292284163, 9.09588812684, -0.138443751763
6873.46, 0.125710100964, 6.03292284132, 9.0958881272, -0.138443751763
6874.46, 0.125710100971, 6.03292284142, 9.09588812706, -0.138443751763
6875.46, 0.125710100991, 6.03292284161, 9.09588812673, -0.138443751763
6876.41, 0.125710101001, 6.0329228417, 9.0958881266, -0.138443751763
6877.46, 0.125710100999, 6.03292284172, 9.09588812667, -0.138443751763
6878.41, 0.125710101002, 6.03292284181, 9.09588812665, -0.138443751763
6879.46, 0.125710101007, 6.03292284187, 9.09588812657, -0.138443751763
6880.41, 0.125710101012, 6.03292284191, 9.09588812651, -0.138443751763
6881.41, 0.125710101014, 6.03292284194, 9.09588812648, -0.138443751763
6882.46, 0.125710101014, 6.03292284196, 9.09588812649, -0.138443751763
6883.41, 0.125710101013, 6.03292284194, 9.0958881265, -0.138443751763
6884.46, 0.125710101012, 6.03292284193, 9.09588812651, -0.138443751763
6885.41, 0.125710101012, 6.03292284192, 9.0958881265, -0.138443751763
6886.41, 0.125710101011, 6.03292284189, 9.09588812651, -0.138443751763
6887.46, 0.125710101011, 6.0329228419, 9.09588812651, -0.138443751763
6888.46, 0.125710101012, 6.03292284191, 9.09588812649, -0.138443751763
6889.41, 0.125710101012, 6.03292284191, 9.09588812649, -0.138443751763
6890.46, 0.125710101012, 6.0329228419, 9.09588812649, -0.138443751763
6891.41, 0.125710101013, 6.03292284191, 9.09588812646, -0.138443751763
6892.41, 0.125710101015, 6.03292284192, 9.09588812643, -0.138443751763
6893.51, 0.125710101021, 6.03292284192, 9.09588812628, -0.138443751763
6894.46, 0.12571010101, 6.03292284193, 9.09588812659, -0.138443751763
6895.51, 0.125710100997, 6.03292284193, 9.09588812688, -0.138443751763
6896.46, 0.125710100996, 6.03292284192, 9.09588812688, -0.138443751763
6897.41, 0.125710101002, 6.03292284193, 9.09588812675, -0.138443751763
6898.46, 0.125710101008, 6.03292284194, 9.0958881266, -0.138443751763
6899.46, 0.125710101011, 6.03292284194, 9.09588812654, -0.138443751763
6900.41, 0.125710101012, 6.03292284194, 9.09588812653, -0.138443751763
6901.46, 0.125710101011, 6.03292284194, 9.09588812654, -0.138443751763
6902.41, 0.125710101011, 6.03292284195, 9.09588812656, -0.138443751763
6903.46, 0.125710101011, 6.03292284195, 9.09588812656, -0.138443751763
6904.41, 0.125710101011, 6.03292284195, 9.09588812656, -0.138443751763
6905.46, 0.125710101011, 6.03292284195, 9.09588812655, -0.138443751763
6906.46, 0.125710101011, 6.03292284195, 9.09588812655, -0.138443751763
6907.41, 0.125710101011, 6.03292284195, 9.09588812655, -0.138443751763
6908.46, 0.125710101011, 6.03292284195, 9.09588812655, -0.138443751763
6909.41, 0.125710101011, 6.03292284195, 9.09588812655, -0.138443751763
6910.41, 0.125710101011, 6.03292284195, 9.09588812655, -0.138443751763
6911.41, 0.125710101011, 6.03292284195, 9.09588812655, -0.138443751763
6912.46, 0.125710101011, 6.03292284195, 9.09588812655, -0.138443751763
6913.46, 0.125710101011, 6.03292284195, 9.09588812655, -0.138443751763
6914.46, 0.125710101011, 6.03292284195, 9.09588812655, -0.138443751763
6915.41, 0.125710101011, 6.03292284195, 9.09588812655, -0.138443751763
6916.46, 0.125710101011, 6.03292284195, 9.09588812655, -0.138443751763
6917.41, 0.125710101011, 6.03292284195, 9.09588812655, -0.138443751763
